['\xe8\xbf\x90\xe5\x8a\xa8\xe5\xbc\x80\xe5\xa7\x8b\xe6\x97\xb6\xe9\x97\xb4:2017-12-13 10:00:00']
['\xe8\xbf\x90\xe5\x8a\xa8\xe5\xbc\x80\xe5\xa7\x8b\xe6\x97\xb6\xe9\x97\xb4:2017-12-13 10:00:00']
['\xe8\xbf\x90\xe5\x8a\xa8\xe5\xbc\x80\xe5\xa7\x8b\xe6\x97\xb6\xe9\x97\xb4:2017-12-13 10:00:00']
['\xe8\xbf\x90\xe5\x8a\xa8\xe5\xbc\x80\xe5\xa7\x8b\xe6\x97\xb6\xe9\x97\xb4:2017-12-13 10:00:00']
['\xe5\xbf\x83\xe7\x8e\x87', 80, 80, 80, 80, 80, 80, 80, 80, 82, 82, 82, 82, 82, 81]
['\xe5\xbf\x83\xe7\x8e\x87', 80, 80, 80, 80, 80, 80, 80, 80, 82, 82, 82, 82, 82, 81]
['\xe5\xbf\x83\xe7\x8e\x87', 80, 80, 80, 80, 80, 80, 80, 80, 82, 82, 82, 82, 82, 81]
['\xe5\xbf\x83\xe7\x8e\x87', 80, 80, 80, 80, 80, 80, 80, 80, 82, 82, 82, 82, 82, 81]
['\xe5\x8f\xaf\xe4\xbf\xa1\xe5\xba\xa6', 3, 3, 3, 3, 3, 3, 3, 3, 3, 3, 3, 3, 3, 3, 3, 3, 3, 3, 3, 3, 3, 3, 3, 3, 3, 3, 3, 3, 3, 3, 3, 3, 3, 3, 3, 3, 3, 3, 3, 3, 3, 3, 3, 3, 3, 3, 3, 3, 3, 3, 3, 3, 3, 3, 3, 3]
['\xe5\xbf\x83\xe7\x8e\x87', 80, 80, 80, 80, 80, 80, 80, 80, 82, 82, 82, 82, 82, 81]
['\xe5\xbf\x83\xe7\x8e\x87', 80, 80, 80, 80, 80, 80, 80, 80, 82, 82, 82, 82, 82, 81]
['\xe5\xbf\x83\xe7\x8e\x87', 80, 80, 80, 80, 80, 80, 80, 80, 82, 82, 82, 82, 82, 81]
['\xe5\xbf\x83\xe7\x8e\x87', 80, 80, 80, 80, 80, 80, 80, 80, 82, 82, 82, 82, 82, 81]
['\xe5\x8f\xaf\xe4\xbf\xa1\xe5\xba\xa6', 3, 3, 3, 3, 3, 3, 3, 3, 3, 3, 3, 3, 3, 3, 3, 3, 3, 3, 3, 3, 3, 3, 3, 3, 3, 3, 3, 3, 3, 3, 3, 3, 3, 3, 3, 3, 3, 3, 3, 3, 3, 3, 3, 3, 3, 3, 3, 3, 3, 3, 3, 3, 3, 3, 3, 3]
['\xe5\xbf\x83\xe7\x8e\x87', 80, 80, 80, 80, 80, 80, 80, 80, 82, 82, 82, 82, 82, 81]
['\xe5\xbf\x83\xe7\x8e\x87', 80, 80, 80, 80, 80, 80, 80, 80, 82, 82, 82, 82, 82, 81]
['\xe5\xbf\x83\xe7\x8e\x87', 80, 80, 80, 80, 80, 80, 80, 80, 82, 82, 82, 82, 82, 81]
['\xe5\xbf\x83\xe7\x8e\x87', 80, 80, 80, 80, 80, 80, 80, 80, 82, 82, 82, 82, 82, 81]
['\xe5\x8f\xaf\xe4\xbf\xa1\xe5\xba\xa6', 3, 3, 3, 3, 3, 3, 3, 3, 3, 3, 3, 3, 3, 3, 3, 3, 3, 3, 3, 3, 3, 3, 3, 3, 3, 3, 3, 3, 3, 3, 3, 3, 3, 3, 3, 3, 3, 3, 3, 3, 3, 3, 3, 3, 3, 3, 3, 3, 3, 3, 3, 3, 3, 3, 3, 3]
['\xe5\xbf\x83\xe7\x8e\x87', 80, 80, 80, 80, 80, 80, 80, 80, 82, 82, 82, 82, 82, 81]
['\xe5\xbf\x83\xe7\x8e\x87', 80, 80, 80, 80, 80, 80, 80, 80, 82, 82, 82, 82, 82, 81]
['\xe5\xbf\x83\xe7\x8e\x87', 80, 80, 80, 80, 80, 80, 80, 80, 82, 82, 82, 82, 82, 81]
['\xe5\xbf\x83\xe7\x8e\x87', 80, 80, 80, 80, 80, 80, 80, 80, 82, 82, 82, 82, 82, 81]
['\xe5\x8f\xaf\xe4\xbf\xa1\xe5\xba\xa6', 3, 3, 3, 3, 3, 3, 3, 3, 3, 3, 3, 3, 3, 3, 3, 3, 3, 3, 3, 3, 3, 3, 3, 3, 3, 3, 3, 3, 3, 3, 3, 3, 3, 3, 3, 3, 3, 3, 3, 3, 3, 3, 3, 3, 3, 3, 3, 3, 3, 3, 3, 3, 3, 3, 3, 3]
['\xe5\xbf\x83\xe7\x8e\x87', 80, 80, 80, 80, 80, 80, 80, 80, 82, 82, 82, 82, 82, 81]
['\xe5\xbf\x83\xe7\x8e\x87', 80, 80, 80, 80, 80, 80, 80, 80, 82, 82, 82, 82, 82, 81]
['\xe5\xbf\x83\xe7\x8e\x87', 80, 80, 80, 80, 80, 80, 80, 80, 82, 82, 82, 82, 82, 81]
['\xe5\xbf\x83\xe7\x8e\x87', 80, 80, 80, 80, 80, 80, 80, 80, 82, 82, 82, 82, 82, 81]
['\xe5\x8f\xaf\xe4\xbf\xa1\xe5\xba\xa6', 3, 3, 3, 3, 3, 3, 3, 3, 3, 3, 3, 3, 3, 3, 3, 3, 3, 3, 3, 3, 3, 3, 3, 3, 3, 3, 3, 3, 3, 3, 3, 3, 3, 3, 3, 3, 3, 3, 3, 3, 3, 3, 3, 3, 3, 3, 3, 3, 3, 3, 3, 3, 3, 3, 3, 3]
['\xe5\xbf\x83\xe7\x8e\x87', 80, 80, 80, 80, 80, 80, 80, 80, 82, 82, 82, 82, 82, 81]
['\xe5\xbf\x83\xe7\x8e\x87', 80, 80, 80, 80, 80, 80, 80, 80, 82, 82, 82, 82, 82, 81]
['\xe5\xbf\x83\xe7\x8e\x87', 80, 80, 80, 80, 80, 80, 80, 80, 82, 82, 82, 82, 82, 81]
['\xe5\xbf\x83\xe7\x8e\x87', 80, 80, 80, 80, 80, 80, 80, 80, 82, 82, 82, 82, 82, 81]
['\xe5\x8f\xaf\xe4\xbf\xa1\xe5\xba\xa6', 3, 3, 3, 3, 3, 3, 3, 3, 3, 3, 3, 3, 3, 3, 3, 3, 3, 3, 3, 3, 3, 3, 3, 3, 3, 3, 3, 3, 3, 3, 3, 3, 3, 3, 3, 3, 3, 3, 3, 3, 3, 3, 3, 3, 3, 3, 3, 3, 3, 3, 3, 3, 3, 3, 3, 3]
['\xe5\xbf\x83\xe7\x8e\x87', 80, 80, 80, 80, 80, 80, 80, 80, 82, 82, 82, 82, 82, 81]
['\xe5\xbf\x83\xe7\x8e\x87', 80, 80, 80, 80, 80, 80, 80, 80, 82, 82]
['\xe5\x8f\xaf\xe4\xbf\xa1\xe5\xba\xa6', 3, 3]
