['\xe6\xa8\xa1\xe5\xbc\x8f:\xe9\x93\x81\xe4\xba\xba\xe4\xb8\x89\xe9\xa1\xb9:\xe5\x85\xac\xe5\xbc\x80\xe6\xb0\xb4\xe5\x9f\x9f,\xe8\xbf\x90\xe5\x8a\xa8\xe7\xb1\xbb\xe5\x9e\x8b:\xe6\x88\xb7\xe5\xa4\x96\xe6\xb8\xb8\xe6\xb3\xb3 ,\xe8\xbf\x90\xe5\x8a\xa8\xe5\xbc\x80\xe5\xa7\x8b\xe6\x97\xb6\xe9\x97\xb4:2017-12-13 18:00:00 ,\xe5\x85\xac\xe8\x8b\xb1\xe5\x88\xb6:\xe5\x85\xac\xe5\x88\xb6 ,\xe6\x97\xb6\xe5\x8c\xba:32 ,\xe5\x8d\x95\xe5\x9c\x88\xe8\xb7\x9d\xe7\xa6\xbb\xe8\xae\xbe\xe7\xbd\xae:0km']
['time:2017-12-13 18:00:00 ,peroid_step_t ,interval = 5 \xef\xbc\x8cmax_bit= 9']
['time:2017-12-13 18:00:01 ,peroid_step_len_t ,interval = 5 \xef\xbc\x8cmax_bit= 9']
['time:2017-12-13 18:00:02 ,peroid_heartrate_t ,interval = 1 \xef\xbc\x8cmax_bit= 8']
['time:2017-12-13 18:00:03 ,peroid_trust_level_t ,interval = 1 \xef\xbc\x8cmax_bit= 2']
['time:2017-12-13 18:00:04 ,peroid_calories_t ,interval = 60 \xef\xbc\x8cmax_bit= 16']
['time:2017-12-13 18:00:05 ,peroid_pace_t ,interval = 2 \xef\xbc\x8cmax_bit= 16']
['\xe5\xbf\x83\xe7\x8e\x87', 135, 136, 137, 138, 139, 145, 147, 151, 155, 160, 156, 150, 155, 160, 161, 165, 170, 171, 170, 173, 168, 180, 175, 170, 178, 174, 170, 165, 160]
[720, 450, 400, 360, 360, 360, 327, 300, 327, 720, 720, 720, 720, '\xe9\x85\x8d\xe9\x80\x9fs/100m']
['\xe5\xbf\x83\xe7\x8e\x87', 155, 185, 160, 159, 155, 160, 165, 168, 170, 135, 136, 137, 138, 139, 145, 147, 151, 155, 160, 156, 150, 155, 160, 161, 165, 170, 171, 170, 173]
[720, 720, 720, 720, 720, 720, 720, 720, 720, 720, 720, 720, 720, '\xe9\x85\x8d\xe9\x80\x9fs/100m']
['\xe5\x88\x92\xe9\xa2\x91:\xe6\xac\xa1/min', 0, 0, 56, 57, 57, 55, 54, 56, 57, 57, 57]
['\xe6\xad\xa5\xe9\x95\xbfcm', 52, 67, 70, 71, 71, 70, 70, 82, 81, 80, 80]
['\xe6\xb5\xb7\xe6\x8b\x94m', -86, -86, -85, -85, -85, -85, -86, -86, -85, -85, -86, -86, -85, -86]
['\xe5\xbf\x83\xe7\x8e\x87', 168, 180, 175, 170, 178, 174, 170, 165, 160, 155, 185, 160, 159, 155, 160, 165, 168, 170, 135, 136, 137, 138, 139, 145, 147, 151, 155, 160, 156]
[720, 450, 400, 360, 360, 360, 327, 300, 327, 720, 720, 720, 720, 720, '\xe9\x85\x8d\xe9\x80\x9fs/100m']
['\xe5\xbf\x83\xe7\x8e\x87', 150, 155, 160, 161, 165, 170, 171, 170, 173, 168, 180, 175, 170, 178, 174, 170, 165, 160, 155, 185, 160, 159, 155, 160, 165, 168, 170, 135, 136]
[720, 720, 720, 720, 720, 720, 720, 720, 720, 720, 720, 720, 720, '\xe9\x85\x8d\xe9\x80\x9fs/100m']
['\xe5\x88\x92\xe9\xa2\x91:\xe6\xac\xa1/min', 80, 80, 80, 82, 82, 82, 82, 82, 81, 80, 80]
['\xe6\xad\xa5\xe9\x95\xbfcm', 80, 80, 80, 80, 80, 80, 82, 82, 82, 82, 82]
['\xe6\xb5\xb7\xe6\x8b\x94m', -76, -75, -76, -74, -71, -72, -76, -81, -85, -86, -61, -76, -81, -82]
['\xe5\x8f\xaf\xe4\xbf\xa1\xe5\xba\xa6', 3, 3, 3, 3, 3, 3, 3, 3, 3, 3, 3, 3, 3, 3, 3, 3, 3, 3, 3, 3, 3, 3, 3, 3, 3, 3, 3, 3, 3, 3, 3, 3, 3, 3, 3, 3, 3, 3, 3, 3, 3, 3, 3, 3, 3, 3, 3, 3, 3, 3, 3, 3, 3, 3, 3, 3, 3, 3, 3, 3, 3, 3, 3, 3, 3, 3, 3, 3, 3, 3, 3, 3, 3, 3, 3, 3, 3, 3, 3, 3, 3, 3, 3, 3, 3, 3, 3, 3, 3, 3, 3, 3, 3, 3, 3, 3, 3, 3, 3, 3, 3, 3, 3, 3, 3, 3, 3, 3, 3, 3, 3, 3, 3, 3, 3, 3]
['\xe5\xbf\x83\xe7\x8e\x87', 137, 138, 139, 145, 147, 151, 155, 160, 156, 150, 155, 160, 161, 165, 170, 171, 170, 173, 168, 180, 175, 170, 178, 174, 170, 165, 160, 155, 185]
[450, 400, 360, 360, 360, 327, 300, 327, 720, 720, 720, 720, 720, 720, '\xe9\x85\x8d\xe9\x80\x9fs/100m']
['\xe5\xbf\x83\xe7\x8e\x87', 160, 159, 155, 160, 165, 168, 170, 135, 136, 137, 138, 139, 145, 147, 151, 155, 160, 156, 150, 155, 160, 161, 165, 170, 171, 170, 173, 168, 180]
[720, 720, 720, 720, 720, 720, 720, 720, 720, 720, 720, 720, 450, '\xe9\x85\x8d\xe9\x80\x9fs/100m']
['\xe5\x88\x92\xe9\xa2\x91:\xe6\xac\xa1/min', 80, 80, 80, 80, 80, 80, 82, 82, 82, 82, 82]
['\xe6\xad\xa5\xe9\x95\xbfcm', 81, 80, 80, 80, 80, 80, 80, 80, 80, 82, 82]
['\xe6\xb5\xb7\xe6\x8b\x94m', -83, -84, -85, -86, -86, -86, -85, -85, -85, -85, -86, -86, -85, -85]
['\xe5\xbf\x83\xe7\x8e\x87', 175, 170, 178, 174, 170, 165, 160, 155, 185, 160, 159, 155, 160, 165, 168, 170, 135, 136, 137, 138, 139, 145, 147, 151, 155, 160, 156, 150, 155]
[400, 360, 360, 360, 327, 300, 327, 720, 720, 720, 720, 720, 720, 720, '\xe9\x85\x8d\xe9\x80\x9fs/100m']
['\xe5\xbf\x83\xe7\x8e\x87', 160, 161, 165, 170, 171, 170, 173, 168, 180, 175, 170, 178, 174, 170, 165, 160, 155, 185, 160, 159, 155, 160, 165, 168, 170, 135, 136, 137, 138]
[720, 720, 720, 720, 720, 720, 720, 720, 720, 720, 720, 450, 400, '\xe9\x85\x8d\xe9\x80\x9fs/100m']
['\xe5\x88\x92\xe9\xa2\x91:\xe6\xac\xa1/min', 81, 80, 80, 80, 80, 80, 80, 80, 80, 82, 82]
['\xe6\xad\xa5\xe9\x95\xbfcm', 82, 82, 82, 81, 80, 80, 80, 80, 80, 80, 80]
['\xe6\xb5\xb7\xe6\x8b\x94m', -86, -86, -85, -86, -76, -75, -76, -74, -71, -72, -76, -81, -85, -86]
['\xe5\x8f\xaf\xe4\xbf\xa1\xe5\xba\xa6', 3, 3, 3, 3, 3, 3, 3, 3, 3, 3, 3, 3, 3, 3, 3, 3, 3, 3, 3, 3, 3, 3, 3, 3, 3, 3, 3, 3, 3, 3, 3, 3, 3, 3, 3, 3, 3, 3, 3, 3, 3, 3, 3, 3, 3, 3, 3, 3, 3, 3, 3, 3, 3, 3, 3, 3, 3, 3, 3, 3, 3, 3, 3, 3, 3, 3, 3, 3, 3, 3, 3, 3, 3, 3, 3, 3, 3, 3, 3, 3, 3, 3, 3, 3, 3, 3, 3, 3, 3, 3, 3, 3, 3, 3, 3, 3, 3, 3, 3, 3, 3, 3, 3, 3, 3, 3, 3, 3, 3, 3, 3, 3, 3, 3, 3, 3]
['\xe5\xbf\x83\xe7\x8e\x87', 139, 145, 147, 151, 155, 160, 156, 150, 155, 160, 161, 165, 170, 171, 170, 173, 168, 180, 175, 170, 178, 174, 170, 165, 160, 155, 185, 160, 159]
[360, 360, 360, 327, 300, 327, 720, 720, 720, 720, 720, 720, 720, 720, '\xe9\x85\x8d\xe9\x80\x9fs/100m']
['\xe5\xbf\x83\xe7\x8e\x87', 155, 160, 165, 168, 170, 135, 136, 137, 138, 139, 145, 147, 151, 155, 160, 156, 150, 155, 160, 161, 165, 170, 171, 170, 173, 168, 180, 175, 170]
[720, 720, 720, 720, 720, 720, 720, 720, 720, 720, 450, 400, 360, '\xe9\x85\x8d\xe9\x80\x9fs/100m']
['\xe5\x88\x92\xe9\xa2\x91:\xe6\xac\xa1/min', 82, 82, 82, 81, 0, 0, 56, 57, 57, 55, 54]
['\xe6\xad\xa5\xe9\x95\xbfcm', 80, 82, 82, 82, 82, 82, 81, 80, 80, 80, 80]
['\xe6\xb5\xb7\xe6\x8b\x94m', -61, -76, -81, -82, -83, -84, -85, -86, -86, -86, -85, -85, -85, -85]
['\xe7\xac\xac1\xe5\x9c\x88\xe6\x95\xb0\xe6\x97\xb6\xe9\x97\xb4:2017-12-13 18:05:01\xef\xbc\x8c\xe5\x8d\x95\xe5\x9c\x88\xe7\x94\xa8\xe6\x97\xb6\xef\xbc\x9a300s,\xe5\x8d\x95\xe5\x9c\x88\xe8\xb7\x9d\xe7\xa6\xbb\xef\xbc\x9a500m\xef\xbc\x8c\xe5\x8d\x95\xe5\x9c\x88\xe9\x85\x8d\xe9\x80\x9f\xef\xbc\x9a60s\xef\xbc\x8c\xe6\xb3\xb3\xe5\xa7\xbf\xef\xbc\x9a\xe8\x87\xaa\xe7\x94\xb1\xe6\xb3\xb3\xef\xbc\x8c\xe5\x88\x92\xe6\xb0\xb4\xe6\xac\xa1\xe6\x95\xb0\xef\xbc\x9a200\xef\xbc\x8c\xe5\x8d\xa1\xe8\xb7\xaf\xe9\x87\x8c\xef\xbc\x9a50kcal\xef\xbc\x8c\xe5\xb9\xb3\xe5\x9d\x87\xe5\xbf\x83\xe7\x8e\x87\xef\xbc\x9a180']
['\xe5\xbf\x83\xe7\x8e\x87', 178, 174, 170, 165, 160, 155, 185, 160, 159, 155, 160, 165, 168, 170, 135, 136, 137, 138, 139, 145, 147, 151, 155, 160, 156, 150, 155, 160, 161]
[360, 360, 327, 300, 327, 720, 720, 720, 720, 720, 720, 720, 720, 720, '\xe9\x85\x8d\xe9\x80\x9fs/100m']
['\xe5\xbf\x83\xe7\x8e\x87', 165, 170, 171, 170, 173, 168, 180, 175, 170, 178, 174, 170, 165, 160, 155, 185, 160, 159, 155, 160, 165, 168, 170, 135, 136, 137, 138, 139, 145]
[720, 720, 720, 720, 720, 720, 720, 720, 720, 450, 400, 360, 360, '\xe9\x85\x8d\xe9\x80\x9fs/100m']
['\xe5\x88\x92\xe9\xa2\x91:\xe6\xac\xa1/min', 56, 57, 57, 57, 80, 80, 80, 82, 82, 82, 82]
['\xe6\xad\xa5\xe9\x95\xbfcm', 82, 82, 82, 82, 82, 81, 52, 67, 70, 71, 71]
['\xe6\xb5\xb7\xe6\x8b\x94m', -86, -86, -85, -85, -86, -86, -85, -86, -76, -75, -76, -74, -71, -72]
['\xe5\x8f\xaf\xe4\xbf\xa1\xe5\xba\xa6', 3, 3, 3, 3, 3, 3, 3, 3, 3, 3, 3, 3, 3, 3, 3, 3, 3, 3, 3, 3, 3, 3, 3, 3, 3, 3, 3, 3, 3, 3, 3, 3, 3, 3, 3, 3, 3, 3, 3, 3, 3, 3, 3, 3, 3, 3, 3, 3, 3, 3, 3, 3, 3, 3, 3, 3, 3, 3, 3, 3, 3, 3, 3, 3, 3, 3, 3, 3, 3, 3, 3, 3, 3, 3, 3, 3, 3, 3, 3, 3, 3, 3, 3, 3, 3, 3, 3, 3, 3, 3, 3, 3, 3, 3, 3, 3, 3, 3, 3, 3, 3, 3, 3, 3, 3, 3, 3, 3, 3, 3, 3, 3, 3, 3, 3, 3]
['\xe5\xbf\x83\xe7\x8e\x87', 147, 151, 155, 160, 156, 150, 155, 160, 161, 165, 170, 171, 170, 173, 168, 180, 175, 170, 178, 174, 170, 165, 160, 155, 185, 160, 159, 155, 160]
[360, 327, 300, 327, 720, 720, 720, 720, 720, 720, 720, 720, 720, 720, '\xe9\x85\x8d\xe9\x80\x9fs/100m']
['\xe5\xbf\x83\xe7\x8e\x87', 165, 168, 170, 135, 136, 137, 138, 139, 145, 147, 151, 155, 160, 156, 150, 155, 160, 161, 165, 170, 171, 170, 173, 168, 180, 175, 170, 178, 174]
[720, 720, 720, 720, 720, 720, 720, 720, 450, 400, 360, 360, 360, '\xe9\x85\x8d\xe9\x80\x9fs/100m']
['\xe5\x88\x92\xe9\xa2\x91:\xe6\xac\xa1/min', 82, 81, 80, 80, 80, 80, 80, 80, 80, 80, 82]
['\xe6\xad\xa5\xe9\x95\xbfcm', 70, 70, 82, 81, 80, 80, 80, 80, 80, 80, 80]
['\xe6\xb5\xb7\xe6\x8b\x94m', -76, -81, -85, -86, -61, -76, -81, -82, -83, -84, -85, -86, -86, -86]
['\xe5\xbf\x83\xe7\x8e\x87', 170, 165, 160, 155, 185, 160, 159, 155, 160, 165, 168, 170, 135, 136, 137, 138, 139, 145, 147, 151, 155, 160, 156, 150, 155, 160, 161, 165, 170]
[327, 300, 327, 720, 720, 720, 720, 720, 720, 720, 720, 720, 720, 720, '\xe9\x85\x8d\xe9\x80\x9fs/100m']
['\xe5\xbf\x83\xe7\x8e\x87', 171, 170, 173, 168, 180, 175, 170, 178, 174, 170, 165, 160, 155, 185, 160, 159, 155, 160, 165, 168, 170, 135, 136, 137, 138, 139, 145, 147, 151]
[720, 720, 720, 720, 720, 720, 720, 450, 400, 360, 360, 360, 327, '\xe9\x85\x8d\xe9\x80\x9fs/100m']
['\xe5\x88\x92\xe9\xa2\x91:\xe6\xac\xa1/min', 82, 82, 82, 82, 81, 80, 80, 80, 80, 80, 80]
['\xe6\xad\xa5\xe9\x95\xbfcm', 80, 82, 82, 82, 82, 82, 81, 80, 80, 80, 80]
['\xe6\xb5\xb7\xe6\x8b\x94m', -85, -85, -85, -85, -86, -86, -85, -85, -86, -86, -85, -86, -76, -75]
['\xe5\x8f\xaf\xe4\xbf\xa1\xe5\xba\xa6', 3, 3, 3, 3, 3, 3, 3, 3, 3, 3, 3, 3, 3, 3, 3, 3, 3, 3, 3, 3, 3, 3, 3, 3, 3, 3, 3, 3, 3, 3, 3, 3, 3, 3, 3, 3, 3, 3, 3, 3, 3, 3, 3, 3, 3, 3, 3, 3, 3, 3, 3, 3, 3, 3, 3, 3, 3, 3, 3, 3, 3, 3, 3, 3, 3, 3, 3, 3, 3, 3, 3, 3, 3, 3, 3, 3, 3, 3, 3, 3, 3, 3, 3, 3, 3, 3, 3, 3, 3, 3, 3, 3, 3, 3, 3, 3, 3, 3, 3, 3, 3, 3, 3, 3, 3, 3, 3, 3, 3, 3, 3, 3, 3, 3, 3, 3]
['\xe5\xbf\x83\xe7\x8e\x87', 155, 160, 156, 150, 155, 160, 161, 165, 170, 171, 170, 173, 168, 180, 175, 170, 178, 174, 170, 165, 160, 155, 185, 160, 159, 155, 160, 165, 168]
[300, 327, 720, 720, 720, 720, 720, 720, 720, 720, 720, 720, 720, 720, '\xe9\x85\x8d\xe9\x80\x9fs/100m']
['\xe5\xbf\x83\xe7\x8e\x87', 170, 135, 136, 137, 138, 139, 145, 147, 151, 155, 160, 156, 150, 155, 160, 161, 165, 170, 171, 170, 173, 168, 180, 175, 170, 178, 174, 170, 165]
[720, 720, 720, 720, 720, 720, 450, 400, 360, 360, 360, 327, 300, '\xe9\x85\x8d\xe9\x80\x9fs/100m']
['\xe5\x88\x92\xe9\xa2\x91:\xe6\xac\xa1/min', 80, 80, 82, 82, 82, 82, 82, 81, 0, 0, 56]
['\xe6\xad\xa5\xe9\x95\xbfcm', 80, 80, 80, 80, 82, 82, 82, 82, 82, 81, 80]
['\xe6\xb5\xb7\xe6\x8b\x94m', -76, -74, -71, -72, -76, -81, -85, -86, -61, -76, -81, -82, -83, -84]
['\xe5\xbf\x83\xe7\x8e\x87', 160, 155, 185, 160, 159, 155, 160, 165, 168, 170, 135, 136, 137, 138, 139, 145, 147, 151, 155, 160, 156, 150, 155, 160, 161, 165, 170, 171, 170]
[327, 720, 720, 720, 720, 720, 720, 720, 720, 720, 720, 720, 720, 720, '\xe9\x85\x8d\xe9\x80\x9fs/100m']
['\xe5\xbf\x83\xe7\x8e\x87', 173, 168, 180, 175, 170, 178, 174, 170, 165, 160, 155, 185, 160, 159, 155, 160, 165, 168, 170, 135, 136, 137, 138, 139, 145, 147, 151, 155, 160]
[720, 720, 720, 720, 720, 450, 400, 360, 360, 360, 327, 300, 327, '\xe9\x85\x8d\xe9\x80\x9fs/100m']
['\xe5\x88\x92\xe9\xa2\x91:\xe6\xac\xa1/min', 57, 57, 55, 54, 56, 57, 57, 57, 80, 80, 80]
['\xe6\xad\xa5\xe9\x95\xbfcm', 80, 80, 80, 80, 80, 80, 80, 82, 82, 82, 82]
['\xe6\xb5\xb7\xe6\x8b\x94m', -85, -86, -86, -86, -85, -85, -85, -85, -86, -86, -85, -85, -86, -86]
['\xe5\x8f\xaf\xe4\xbf\xa1\xe5\xba\xa6', 3, 3, 3, 3, 3, 3, 3, 3, 3, 3, 3, 3, 3, 3, 3, 3, 3, 3, 3, 3, 3, 3, 3, 3, 3, 3, 3, 3, 3, 3, 3, 3, 3, 3, 3, 3, 3, 3, 3, 3, 3, 3, 3, 3, 3, 3, 3, 3, 3, 3, 3, 3, 3, 3, 3, 3, 3, 3, 3, 3, 3, 3, 3, 3, 3, 3, 3, 3, 3, 3, 3, 3, 3, 3, 3, 3, 3, 3, 3, 3, 3, 3, 3, 3, 3, 3, 3, 3, 3, 3, 3, 3, 3, 3, 3, 3, 3, 3, 3, 3, 3, 3, 3, 3, 3, 3, 3, 3, 3, 3, 3, 3, 3, 3, 3, 3]
['\xe5\xbf\x83\xe7\x8e\x87', 156, 150, 155, 160, 161, 165, 170, 171, 170, 173, 168, 180, 175, 170, 178, 174, 170, 165, 160, 155, 185, 160, 159, 155, 160, 165, 168, 170, 135]
[720, 720, 720, 720, 720, 720, 720, 720, 720, 720, 720, 720, 720, 720, '\xe9\x85\x8d\xe9\x80\x9fs/100m']
['\xe7\xac\xac2\xe5\x9c\x88\xe6\x95\xb0\xe6\x97\xb6\xe9\x97\xb4:2017-12-13 18:09:59\xef\xbc\x8c\xe5\x8d\x95\xe5\x9c\x88\xe7\x94\xa8\xe6\x97\xb6\xef\xbc\x9a300s,\xe5\x8d\x95\xe5\x9c\x88\xe8\xb7\x9d\xe7\xa6\xbb\xef\xbc\x9a500m\xef\xbc\x8c\xe5\x8d\x95\xe5\x9c\x88\xe9\x85\x8d\xe9\x80\x9f\xef\xbc\x9a60s\xef\xbc\x8c\xe6\xb3\xb3\xe5\xa7\xbf\xef\xbc\x9a\xe8\x87\xaa\xe7\x94\xb1\xe6\xb3\xb3\xef\xbc\x8c\xe5\x88\x92\xe6\xb0\xb4\xe6\xac\xa1\xe6\x95\xb0\xef\xbc\x9a200\xef\xbc\x8c\xe5\x8d\xa1\xe8\xb7\xaf\xe9\x87\x8c\xef\xbc\x9a50kcal\xef\xbc\x8c\xe5\xb9\xb3\xe5\x9d\x87\xe5\xbf\x83\xe7\x8e\x87\xef\xbc\x9a180']
['\xe6\x80\xbb\xe8\xb7\x9d\xe7\xa6\xbb:1000m\xef\xbc\x8c\xe8\xbf\x90\xe5\x8a\xa8\xe7\x94\xa8\xe6\x97\xb6\xef\xbc\x9a600s,\xe5\x9c\x88\xe6\x95\xb0\xef\xbc\x9a2\xef\xbc\x8c\xe5\x8d\xa1\xe8\xb7\xaf\xe9\x87\x8c\xef\xbc\x9a100kcal\xef\xbc\x8c\xe5\xb9\xb3\xe5\x9d\x87\xe5\xbf\x83\xe7\x8e\x87\xef\xbc\x9a170\xef\xbc\x8c\xe6\x9c\x80\xe5\xa4\xa7\xe6\x91\x84\xe6\xb0\xa7\xe9\x87\x8f\xef\xbc\x9a0\xef\xbc\x8c\xe6\x80\xbb\xe5\x88\x92\xe6\xb0\xb4\xe6\xac\xa1\xe6\x95\xb0\xef\xbc\x9a200']
['\xe6\x9c\x80\xe5\xa4\xa7\xe9\x85\x8d\xe9\x80\x9f:2min0s,\xe5\xb9\xb3\xe5\x9d\x87\xe9\x85\x8d\xe9\x80\x9f:3min0s,\xe6\x9c\x80\xe5\xa4\xa7\xe5\x8d\x95\xe8\xb6\x9f\xe5\x88\x92\xe6\xb0\xb4\xe7\x8e\x87:60,\xe5\xb9\xb3\xe5\x9d\x87\xe5\x8d\x95\xe8\xb6\x9f\xe5\x88\x92\xe6\xb0\xb4\xe7\x8e\x87:40,\xe6\x9c\x80\xe5\xa4\xa7swolf:60,\xe5\xb9\xb3\xe5\x9d\x87swolf:150']
['\xe8\xbf\x90\xe5\x8a\xa8\xe7\xb1\xbb\xe5\x9e\x8b:\xe6\x88\xb7\xe5\xa4\x96\xe6\xb8\xb8\xe6\xb3\xb3 ,\xe8\xbf\x90\xe5\x8a\xa8\xe7\xbb\x93\xe6\x9d\x9f\xe6\x97\xb6\xe9\x97\xb4:2017-12-13 18:09:59 ,\xe6\x98\xaf\xe5\x90\xa6\xe4\xbf\x9d\xe5\xad\x98:\xe4\xbf\x9d\xe5\xad\x98 ']

['\xe6\xa8\xa1\xe5\xbc\x8f:\xe9\x93\x81\xe4\xba\xba\xe4\xb8\x89\xe9\xa1\xb9:\xe9\xaa\x91\xe8\xa1\x8c,\xe8\xbf\x90\xe5\x8a\xa8\xe7\xb1\xbb\xe5\x9e\x8b:\xe9\xaa\x91\xe8\xa1\x8c ,\xe8\xbf\x90\xe5\x8a\xa8\xe5\xbc\x80\xe5\xa7\x8b\xe6\x97\xb6\xe9\x97\xb4:2017-12-13 18:10:04 ,\xe5\x85\xac\xe8\x8b\xb1\xe5\x88\xb6:\xe5\x85\xac\xe5\x88\xb6 ,\xe6\x97\xb6\xe5\x8c\xba:32 ,\xe5\x8d\x95\xe5\x9c\x88\xe8\xb7\x9d\xe7\xa6\xbb\xe8\xae\xbe\xe7\xbd\xae:1km']
['time:2017-12-13 18:10:04 ,peroid_step_t ,interval = 5 \xef\xbc\x8cmax_bit= 9']
['time:2017-12-13 18:10:05 ,peroid_step_len_t ,interval = 5 \xef\xbc\x8cmax_bit= 9']
['time:2017-12-13 18:10:06 ,peroid_heartrate_t ,interval = 1 \xef\xbc\x8cmax_bit= 8']
['time:2017-12-13 18:10:07 ,peroid_trust_level_t ,interval = 1 \xef\xbc\x8cmax_bit= 2']
['time:2017-12-13 18:10:08 ,peroid_calories_t ,interval = 60 \xef\xbc\x8cmax_bit= 16']
['time:2017-12-13 18:10:09 ,peroid_pace_t ,interval = 2 \xef\xbc\x8cmax_bit= 16']
['\xe5\xbf\x83\xe7\x8e\x87', 135, 136, 137, 138, 139, 145, 147, 151, 155, 160, 156, 150, 155, 160, 161, 165, 170, 171, 170, 173, 168, 180, 175, 170, 178, 174, 170, 165, 160]
[0, 5, 8, 9, 10, 10, 10, 11, 12, 11, 5, 5, 5, 5, 0, '\xe9\x80\x9f\xe5\xba\xa6km/h']
['\xe5\xbf\x83\xe7\x8e\x87', 155, 185, 160, 159, 155, 160, 165, 168, 170, 135, 136, 137, 138, 139, 145, 147, 151, 155, 160, 156, 150, 155, 160, 161, 165, 170, 171, 170, 173]
[5, 5, 5, 5, 5, 5, 5, 5, 5, 5, 5, 5, 5, 0, 0, '\xe9\x80\x9f\xe5\xba\xa6km/h']
['\xe6\xb5\xb7\xe6\x8b\x94m', -86, -86, -85, -85, -85, -85, -86, -86, -85, -85, -86, -86, -85, -86]
['\xe5\xbf\x83\xe7\x8e\x87', 168, 180, 175, 170, 178, 174, 170, 165, 160, 155, 185, 160, 159, 155, 160, 165, 168, 170, 135, 136, 137, 138, 139, 145, 147, 151, 155, 160, 156]
[5, 8, 9, 10, 10, 10, 11, 12, 11, 5, 5, 5, 5, 5, 0, '\xe9\x80\x9f\xe5\xba\xa6km/h']
['\xe5\xbf\x83\xe7\x8e\x87', 150, 155, 160, 161, 165, 170, 171, 170, 173, 168, 180, 175, 170, 178, 174, 170, 165, 160, 155, 185, 160, 159, 155, 160, 165, 168, 170, 135, 136]
[5, 5, 5, 5, 5, 5, 5, 5, 5, 5, 5, 5, 0, 5, 0, '\xe9\x80\x9f\xe5\xba\xa6km/h']
['\xe6\xb5\xb7\xe6\x8b\x94m', -76, -75, -76, -74, -71, -72, -76, -81, -85, -86, -61, -76, -81, -82]
['\xe5\x8f\xaf\xe4\xbf\xa1\xe5\xba\xa6', 3, 3, 3, 3, 3, 3, 3, 3, 3, 3, 3, 3, 3, 3, 3, 3, 3, 3, 3, 3, 3, 3, 3, 3, 3, 3, 3, 3, 3, 3, 3, 3, 3, 3, 3, 3, 3, 3, 3, 3, 3, 3, 3, 3, 3, 3, 3, 3, 3, 3, 3, 3, 3, 3, 3, 3, 3, 3, 3, 3, 3, 3, 3, 3, 3, 3, 3, 3, 3, 3, 3, 3, 3, 3, 3, 3, 3, 3, 3, 3, 3, 3, 3, 3, 3, 3, 3, 3, 3, 3, 3, 3, 3, 3, 3, 3, 3, 3, 3, 3, 3, 3, 3, 3, 3, 3, 3, 3, 3, 3, 3, 3, 3, 3, 3, 3]
['\xe5\xbf\x83\xe7\x8e\x87', 137, 138, 139, 145, 147, 151, 155, 160, 156, 150, 155, 160, 161, 165, 170, 171, 170, 173, 168, 180, 175, 170, 178, 174, 170, 165, 160, 155, 185]
[8, 9, 10, 10, 10, 11, 12, 11, 5, 5, 5, 5, 5, 5, 0, '\xe9\x80\x9f\xe5\xba\xa6km/h']
['\xe5\xbf\x83\xe7\x8e\x87', 160, 159, 155, 160, 165, 168, 170, 135, 136, 137, 138, 139, 145, 147, 151, 155, 160, 156, 150, 155, 160, 161, 165, 170, 171, 170, 173, 168, 180]
[5, 5, 5, 5, 5, 5, 5, 5, 5, 5, 5, 0, 5, 8, 0, '\xe9\x80\x9f\xe5\xba\xa6km/h']
['\xe6\xb5\xb7\xe6\x8b\x94m', -83, -84, -85, -86, -86, -86, -85, -85, -85, -85, -86, -86, -85, -85]
['\xe5\xbf\x83\xe7\x8e\x87', 175, 170, 178, 174, 170, 165, 160, 155, 185, 160, 159, 155, 160, 165, 168, 170, 135, 136, 137, 138, 139, 145, 147, 151, 155, 160, 156, 150, 155]
[9, 10, 10, 10, 11, 12, 11, 5, 5, 5, 5, 5, 5, 5, 0, '\xe9\x80\x9f\xe5\xba\xa6km/h']
['\xe5\xbf\x83\xe7\x8e\x87', 160, 161, 165, 170, 171, 170, 173, 168, 180, 175, 170, 178, 174, 170, 165, 160, 155, 185, 160, 159, 155, 160, 165, 168, 170, 135, 136, 137, 138]
[5, 5, 5, 5, 5, 5, 5, 5, 5, 5, 0, 5, 8, 9, 0, '\xe9\x80\x9f\xe5\xba\xa6km/h']
['\xe6\xb5\xb7\xe6\x8b\x94m', -86, -86, -85, -86, -76, -75, -76, -74, -71, -72, -76, -81, -85, -86]
['\xe5\x8f\xaf\xe4\xbf\xa1\xe5\xba\xa6', 3, 3, 3, 3, 3, 3, 3, 3, 3, 3, 3, 3, 3, 3, 3, 3, 3, 3, 3, 3, 3, 3, 3, 3, 3, 3, 3, 3, 3, 3, 3, 3, 3, 3, 3, 3, 3, 3, 3, 3, 3, 3, 3, 3, 3, 3, 3, 3, 3, 3, 3, 3, 3, 3, 3, 3, 3, 3, 3, 3, 3, 3, 3, 3, 3, 3, 3, 3, 3, 3, 3, 3, 3, 3, 3, 3, 3, 3, 3, 3, 3, 3, 3, 3, 3, 3, 3, 3, 3, 3, 3, 3, 3, 3, 3, 3, 3, 3, 3, 3, 3, 3, 3, 3, 3, 3, 3, 3, 3, 3, 3, 3, 3, 3, 3, 3]
['\xe5\xbf\x83\xe7\x8e\x87', 139, 145, 147, 151, 155, 160, 156, 150, 155, 160, 161, 165, 170, 171, 170, 173, 168, 180, 175, 170, 178, 174, 170, 165, 160, 155, 185, 160, 159]
[10, 10, 10, 11, 12, 11, 5, 5, 5, 5, 5, 5, 5, 5, 0, '\xe9\x80\x9f\xe5\xba\xa6km/h']
['\xe5\xbf\x83\xe7\x8e\x87', 155, 160, 165, 168, 170, 135, 136, 137, 138, 139, 145, 147, 151, 155, 160, 156, 150, 155, 160, 161, 165, 170, 171, 170, 173, 168, 180, 175, 170]
[5, 5, 5, 5, 5, 5, 5, 5, 5, 0, 5, 8, 9, 10, 0, '\xe9\x80\x9f\xe5\xba\xa6km/h']
['\xe6\xb5\xb7\xe6\x8b\x94m', -61, -76, -81, -82, -83, -84, -85, -86, -86, -86, -85, -85, -85, -85]
['\xe5\xbf\x83\xe7\x8e\x87', 178, 174, 170, 165, 160, 155, 185, 160, 159, 155, 160, 165, 168, 170, 135, 136, 137, 138, 139, 145, 147, 151, 155, 160, 156, 150, 155, 160, 161]
[10, 10, 11, 12, 11, 5, 5, 5, 5, 5, 5, 5, 5, 5, 0, '\xe9\x80\x9f\xe5\xba\xa6km/h']
['\xe5\xbf\x83\xe7\x8e\x87', 165, 170, 171, 170, 173, 168, 180, 175, 170, 178, 174, 170, 165, 160, 155, 185, 160, 159, 155, 160, 165, 168, 170, 135, 136, 137, 138, 139, 145]
[5, 5, 5, 5, 5, 5, 5, 5, 0, 5, 8, 9, 10, 10, 0, '\xe9\x80\x9f\xe5\xba\xa6km/h']
['\xe6\xb5\xb7\xe6\x8b\x94m', -86, -86, -85, -85, -86, -86, -85, -86, -76, -75, -76, -74, -71, -72]
['\xe5\x8f\xaf\xe4\xbf\xa1\xe5\xba\xa6', 3, 3, 3, 3, 3, 3, 3, 3, 3, 3, 3, 3, 3, 3, 3, 3, 3, 3, 3, 3, 3, 3, 3, 3, 3, 3, 3, 3, 3, 3, 3, 3, 3, 3, 3, 3, 3, 3, 3, 3, 3, 3, 3, 3, 3, 3, 3, 3, 3, 3, 3, 3, 3, 3, 3, 3, 3, 3, 3, 3, 3, 3, 3, 3, 3, 3, 3, 3, 3, 3, 3, 3, 3, 3, 3, 3, 3, 3, 3, 3, 3, 3, 3, 3, 3, 3, 3, 3, 3, 3, 3, 3, 3, 3, 3, 3, 3, 3, 3, 3, 3, 3, 3, 3, 3, 3, 3, 3, 3, 3, 3, 3, 3, 3, 3, 3]
['\xe5\xbf\x83\xe7\x8e\x87', 147, 151, 155, 160, 156, 150, 155, 160, 161, 165, 170, 171, 170, 173, 168, 180, 175, 170, 178, 174, 170, 165, 160, 155, 185, 160, 159, 155, 160]
[10, 11, 12, 11, 5, 5, 5, 5, 5, 5, 5, 5, 5, 5, 0, '\xe9\x80\x9f\xe5\xba\xa6km/h']
['\xe7\xac\xac1\xe5\x9c\x88\xe6\x95\xb0\xe6\x97\xb6\xe9\x97\xb4:2017-12-13 18:16:08\xef\xbc\x8c\xe5\x8d\x95\xe5\x9c\x88\xe7\x94\xa8\xe6\x97\xb6\xef\xbc\x9a360s,\xe5\x8d\x95\xe5\x9c\x88\xe8\xb7\x9d\xe7\xa6\xbb\xef\xbc\x9a1km\xef\xbc\x8c\xe5\x8d\x95\xe5\x9c\x88\xe5\x8d\xa1\xe8\xb7\xaf\xe9\x87\x8c\xef\xbc\x9a30kcal\xef\xbc\x8c\xe5\x8d\x95\xe5\x9c\x88\xe5\xb9\xb3\xe5\x9d\x87\xe8\xb8\x8f\xe9\xa2\x91\xef\xbc\x9a0\xef\xbc\x8c\xe5\x8d\x95\xe5\x9c\x88\xe5\xb9\xb3\xe5\x9d\x87\xe5\xbf\x83\xe7\x8e\x87\xef\xbc\x9a180\xef\xbc\x8c\xe5\xb9\xb3\xe5\x9d\x87\xe5\x8a\x9f\xe7\x8e\x87\xef\xbc\x9a0']
['\xe5\xbf\x83\xe7\x8e\x87', 165, 168, 170, 135, 136, 137, 138, 139, 145, 147, 151, 155, 160, 156, 150, 155, 160, 161, 165, 170, 171, 170, 173, 168, 180, 175, 170, 178, 174]
[5, 5, 5, 5, 5, 5, 5, 0, 5, 8, 9, 10, 10, 10, 0, '\xe9\x80\x9f\xe5\xba\xa6km/h']
['\xe6\xb5\xb7\xe6\x8b\x94m', -76, -81, -85, -86, -61, -76, -81, -82, -83, -84, -85, -86, -86, -86]
['\xe5\xbf\x83\xe7\x8e\x87', 170, 165, 160, 155, 185, 160, 159, 155, 160, 165, 168, 170, 135, 136, 137, 138, 139, 145, 147, 151, 155, 160, 156, 150, 155, 160, 161, 165, 170]
[11, 12, 11, 5, 5, 5, 5, 5, 5, 5, 5, 5, 5, 5, 0, '\xe9\x80\x9f\xe5\xba\xa6km/h']
['\xe5\xbf\x83\xe7\x8e\x87', 171, 170, 173, 168, 180, 175, 170, 178, 174, 170, 165, 160, 155, 185, 160, 159, 155, 160, 165, 168, 170, 135, 136, 137, 138, 139, 145, 147, 151]
[5, 5, 5, 5, 5, 5, 0, 5, 8, 9, 10, 10, 10, 11, 0, '\xe9\x80\x9f\xe5\xba\xa6km/h']
['\xe6\xb5\xb7\xe6\x8b\x94m', -85, -85, -85, -85, -86, -86, -85, -85, -86, -86, -85, -86, -76, -75]
['\xe5\x8f\xaf\xe4\xbf\xa1\xe5\xba\xa6', 3, 3, 3, 3, 3, 3, 3, 3, 3, 3, 3, 3, 3, 3, 3, 3, 3, 3, 3, 3, 3, 3, 3, 3, 3, 3, 3, 3, 3, 3, 3, 3, 3, 3, 3, 3, 3, 3, 3, 3, 3, 3, 3, 3, 3, 3, 3, 3, 3, 3, 3, 3, 3, 3, 3, 3, 3, 3, 3, 3, 3, 3, 3, 3, 3, 3, 3, 3, 3, 3, 3, 3, 3, 3, 3, 3, 3, 3, 3, 3, 3, 3, 3, 3, 3, 3, 3, 3, 3, 3, 3, 3, 3, 3, 3, 3, 3, 3, 3, 3, 3, 3, 3, 3, 3, 3, 3, 3, 3, 3, 3, 3, 3, 3, 3, 3]
['\xe5\xbf\x83\xe7\x8e\x87', 155, 160, 156, 150, 155, 160, 161, 165, 170, 171, 170, 173, 168, 180, 175, 170, 178, 174, 170, 165, 160, 155, 185, 160, 159, 155, 160, 165, 168]
[12, 11, 5, 5, 5, 5, 5, 5, 5, 5, 5, 5, 5, 5, 0, '\xe9\x80\x9f\xe5\xba\xa6km/h']
['\xe5\xbf\x83\xe7\x8e\x87', 170, 135, 136, 137, 138, 139, 145, 147, 151, 155, 160, 156, 150, 155, 160, 161, 165, 170, 171, 170, 173, 168, 180, 175, 170, 178, 174, 170, 165]
[5, 5, 5, 5, 5, 0, 5, 8, 9, 10, 10, 10, 11, 12, 0, '\xe9\x80\x9f\xe5\xba\xa6km/h']
['\xe6\xb5\xb7\xe6\x8b\x94m', -76, -74, -71, -72, -76, -81, -85, -86, -61, -76, -81, -82, -83, -84]
['\xe5\xbf\x83\xe7\x8e\x87', 160, 155, 185, 160, 159, 155, 160, 165, 168, 170, 135, 136, 137, 138, 139, 145, 147, 151, 155, 160, 156, 150, 155, 160, 161, 165, 170, 171, 170]
[11, 5, 5, 5, 5, 5, 5, 5, 5, 5, 5, 5, 5, 5, 0, '\xe9\x80\x9f\xe5\xba\xa6km/h']
['\xe5\xbf\x83\xe7\x8e\x87', 173, 168, 180, 175, 170, 178, 174, 170, 165, 160, 155, 185, 160, 159, 155, 160, 165, 168, 170, 135, 136, 137, 138, 139, 145, 147, 151, 155, 160]
[5, 5, 5, 5, 0, 5, 8, 9, 10, 10, 10, 11, 12, 11, 0, '\xe9\x80\x9f\xe5\xba\xa6km/h']
['\xe6\xb5\xb7\xe6\x8b\x94m', -85, -86, -86, -86, -85, -85, -85, -85, -86, -86, -85, -85, -86, -86]
['\xe5\x8f\xaf\xe4\xbf\xa1\xe5\xba\xa6', 3, 3, 3, 3, 3, 3, 3, 3, 3, 3, 3, 3, 3, 3, 3, 3, 3, 3, 3, 3, 3, 3, 3, 3, 3, 3, 3, 3, 3, 3, 3, 3, 3, 3, 3, 3, 3, 3, 3, 3, 3, 3, 3, 3, 3, 3, 3, 3, 3, 3, 3, 3, 3, 3, 3, 3, 3, 3, 3, 3, 3, 3, 3, 3, 3, 3, 3, 3, 3, 3, 3, 3, 3, 3, 3, 3, 3, 3, 3, 3, 3, 3, 3, 3, 3, 3, 3, 3, 3, 3, 3, 3, 3, 3, 3, 3, 3, 3, 3, 3, 3, 3, 3, 3, 3, 3, 3, 3, 3, 3, 3, 3, 3, 3, 3, 3]
['\xe5\xbf\x83\xe7\x8e\x87', 156, 150, 155, 160, 161, 165, 170, 171, 170, 173, 168, 180, 175, 170, 178, 174, 170, 165, 160, 155, 185, 160, 159, 155, 160, 165, 168, 170, 135]
[5, 5, 5, 5, 5, 5, 5, 5, 5, 5, 5, 5, 5, 5, 0, '\xe9\x80\x9f\xe5\xba\xa6km/h']
['\xe5\xbf\x83\xe7\x8e\x87', 136, 137, 138, 139, 145, 147, 151, 155, 160, 156, 150, 155, 160, 161, 165, 170, 171, 170, 173, 168, 180, 175, 170, 178, 174, 170, 165, 160, 155]
[5, 5, 5, 0, 5, 8, 9, 10, 10, 10, 11, 12, 11, 5, 0, '\xe9\x80\x9f\xe5\xba\xa6km/h']
['\xe6\xb5\xb7\xe6\x8b\x94m', -85, -86, -76, -75, -76, -74, -71, -72, -76, -81, -85, -86, -61, -76]
['\xe5\xbf\x83\xe7\x8e\x87', 185, 160, 159, 155, 160, 165, 168, 170, 135, 136, 137, 138, 139, 145, 147, 151, 155, 160, 156, 150, 155, 160, 161, 165, 170, 171, 170, 173, 168]
[5, 5, 5, 5, 5, 5, 5, 5, 5, 5, 5, 5, 5, 5, 0, '\xe9\x80\x9f\xe5\xba\xa6km/h']
['\xe5\xbf\x83\xe7\x8e\x87', 180, 175, 170, 178, 174, 170, 165, 160, 155, 185, 160, 159, 155, 160, 165, 168, 170, 135, 136, 137, 138, 139, 145, 147, 151, 155, 160, 156, 150]
[5, 5, 0, 5, 8, 9, 10, 10, 10, 11, 12, 11, 5, 5, 0, '\xe9\x80\x9f\xe5\xba\xa6km/h']
['\xe6\xb5\xb7\xe6\x8b\x94m', -81, -82, -83, -84, -85, -86, -86, -86, -85, -85, -85, -85, -86, -86]
['\xe5\x8f\xaf\xe4\xbf\xa1\xe5\xba\xa6', 3, 3, 3, 3, 3, 3, 3, 3, 3, 3, 3, 3, 3, 3, 3, 3, 3, 3, 3, 3, 3, 3, 3, 3, 3, 3, 3, 3, 3, 3, 3, 3, 3, 3, 3, 3, 3, 3, 3, 3, 3, 3, 3, 3, 3, 3, 3, 3, 3, 3, 3, 3, 3, 3, 3, 3, 3, 3, 3, 3, 3, 3, 3, 3, 3, 3, 3, 3, 3, 3, 3, 3, 3, 3, 3, 3, 3, 3, 3, 3, 3, 3, 3, 3, 3, 3, 3, 3, 3, 3, 3, 3, 3, 3, 3, 3, 3, 3, 3, 3, 3, 3, 3, 3, 3, 3, 3, 3, 3, 3, 3, 3, 3, 3, 3, 3]
['\xe5\xbf\x83\xe7\x8e\x87', 155, 160, 161, 165, 170, 171, 170, 173, 168, 180, 175, 170, 178, 174, 170, 165, 160, 155, 185, 160, 159, 155, 160, 165, 168, 170, 135, 136, 137]
[5, 5, 5, 5, 5, 5, 5, 5, 5, 5, 5, 5, 5, 5, 0, '\xe9\x80\x9f\xe5\xba\xa6km/h']
['\xe7\xac\xac2\xe5\x9c\x88\xe6\x95\xb0\xe6\x97\xb6\xe9\x97\xb4:2017-12-13 18:22:05\xef\xbc\x8c\xe5\x8d\x95\xe5\x9c\x88\xe7\x94\xa8\xe6\x97\xb6\xef\xbc\x9a360s,\xe5\x8d\x95\xe5\x9c\x88\xe8\xb7\x9d\xe7\xa6\xbb\xef\xbc\x9a1km\xef\xbc\x8c\xe5\x8d\x95\xe5\x9c\x88\xe5\x8d\xa1\xe8\xb7\xaf\xe9\x87\x8c\xef\xbc\x9a30kcal\xef\xbc\x8c\xe5\x8d\x95\xe5\x9c\x88\xe5\xb9\xb3\xe5\x9d\x87\xe8\xb8\x8f\xe9\xa2\x91\xef\xbc\x9a0\xef\xbc\x8c\xe5\x8d\x95\xe5\x9c\x88\xe5\xb9\xb3\xe5\x9d\x87\xe5\xbf\x83\xe7\x8e\x87\xef\xbc\x9a180\xef\xbc\x8c\xe5\xb9\xb3\xe5\x9d\x87\xe5\x8a\x9f\xe7\x8e\x87\xef\xbc\x9a0']
['\xe5\xbf\x83\xe7\x8e\x87', 138, 139, 145, 147, 151, 155, 160, 156, 150, 155, 160, 161, 165, 170, 171, 170, 173, 168, 180, 175, 170, 178, 174, 170, 165, 160, 155, 185, 160]
[5, 0, 5, 8, 9, 10, 10, 10, 11, 12, 11, 5, 5, 5, 0, '\xe9\x80\x9f\xe5\xba\xa6km/h']
['\xe6\xb5\xb7\xe6\x8b\x94m', -85, -85, -86, -86, -85, -86, -76, -75, -76, -74, -71, -72, -76, -81]
['\xe5\xbf\x83\xe7\x8e\x87', 159, 155, 160, 165, 168, 170, 135, 136, 137, 138, 139, 145, 147, 151, 155, 160, 156, 150, 155, 160, 161, 165, 170, 171, 170, 173, 168, 180, 175]
[5, 5, 5, 5, 5, 5, 5, 5, 5, 5, 5, 5, 5, 5, 0, '\xe9\x80\x9f\xe5\xba\xa6km/h']
['\xe5\xbf\x83\xe7\x8e\x87', 170, 178, 174, 170, 165, 160, 155, 185, 160, 159, 155, 160, 165, 168, 170, 135, 136, 137, 138, 139, 145, 147, 151, 155, 160, 156, 150, 155, 160]
[0, 5, 8, 9, 10, 10, 10, 11, 12, 11, 5, 5, 5, 5, 0, '\xe9\x80\x9f\xe5\xba\xa6km/h']
['\xe6\xb5\xb7\xe6\x8b\x94m', -85, -86, -61, -76, -81, -82, -83, -84, -85, -86, -86, -86, -85, -85]
['\xe5\x8f\xaf\xe4\xbf\xa1\xe5\xba\xa6', 3, 3, 3, 3, 3, 3, 3, 3, 3, 3, 3, 3, 3, 3, 3, 3, 3, 3, 3, 3, 3, 3, 3, 3, 3, 3, 3, 3, 3, 3, 3, 3, 3, 3, 3, 3, 3, 3, 3, 3, 3, 3, 3, 3, 3, 3, 3, 3, 3, 3, 3, 3, 3, 3, 3, 3, 3, 3, 3, 3, 3, 3, 3, 3, 3, 3, 3, 3, 3, 3, 3, 3, 3, 3, 3, 3, 3, 3, 3, 3, 3, 3, 3, 3, 3, 3, 3, 3, 3, 3, 3, 3, 3, 3, 3, 3, 3, 3, 3, 3, 3, 3, 3, 3, 3, 3, 3, 3, 3, 3, 3, 3, 3, 3, 3, 3]
['\xe5\xbf\x83\xe7\x8e\x87', 161, 165, 170, 171, 170, 173, 168, 180, 175, 170, 178, 174, 170, 165, 160, 155, 185, 160, 159, 155, 160, 165, 168, 170, 135, 136, 137, 138, 139]
[5, 5, 5, 5, 5, 5, 5, 5, 5, 5, 5, 5, 5, 0, 0, '\xe9\x80\x9f\xe5\xba\xa6km/h']
['\xe5\xbf\x83\xe7\x8e\x87', 145, 147, 151, 155, 160, 156, 150, 155, 160, 161, 165, 170, 171, 170, 173, 168, 180, 175, 170, 178, 174, 170, 165, 160, 155, 185, 160, 159, 155]
[5, 8, 9, 10, 10, 10, 11, 12, 11, 5, 5, 5, 5, 5, 0, '\xe9\x80\x9f\xe5\xba\xa6km/h']
['\xe6\xb5\xb7\xe6\x8b\x94m', -85, -85, -86, -86, -85, -85, -86, -86, -85, -86, -76, -75, -76, -74]
['\xe5\xbf\x83\xe7\x8e\x87', 160, 165, 168, 170, 135, 136, 137, 138, 139, 145, 147, 151, 155, 160, 156, 150, 155, 160, 161, 165, 170, 171, 170, 173, 168, 180, 175, 170, 178]
[5, 5, 5, 5, 5, 5, 5, 5, 5, 5, 5, 5, 0, 5, 0, '\xe9\x80\x9f\xe5\xba\xa6km/h']
['\xe5\xbf\x83\xe7\x8e\x87', 174, 170, 165, 160, 155, 185, 160, 159, 155, 160, 165, 168, 170, 135, 136, 137, 138, 139, 145, 147, 151, 155, 160, 156, 150, 155, 160, 161, 165]
[8, 9, 10, 10, 10, 11, 12, 11, 5, 5, 5, 5, 5, 5, 0, '\xe9\x80\x9f\xe5\xba\xa6km/h']
['\xe6\xb5\xb7\xe6\x8b\x94m', -71, -72, -76, -81, -85, -86, -61, -76, -81, -82, -83, -84, -85, -86]
['\xe5\x8f\xaf\xe4\xbf\xa1\xe5\xba\xa6', 3, 3, 3, 3, 3, 3, 3, 3, 3, 3, 3, 3, 3, 3, 3, 3, 3, 3, 3, 3, 3, 3, 3, 3, 3, 3, 3, 3, 3, 3, 3, 3, 3, 3, 3, 3, 3, 3, 3, 3, 3, 3, 3, 3, 3, 3, 3, 3, 3, 3, 3, 3, 3, 3, 3, 3, 3, 3, 3, 3, 3, 3, 3, 3, 3, 3, 3, 3, 3, 3, 3, 3, 3, 3, 3, 3, 3, 3, 3, 3, 3, 3, 3, 3, 3, 3, 3, 3, 3, 3, 3, 3, 3, 3, 3, 3, 3, 3, 3, 3, 3, 3, 3, 3, 3, 3, 3, 3, 3, 3, 3, 3, 3, 3, 3, 3]
['\xe5\xbf\x83\xe7\x8e\x87', 170, 171, 170, 173, 168, 180, 175, 170, 178, 174, 170, 165, 160, 155, 185, 160, 159, 155, 160, 165, 168, 170, 135, 136, 137, 138, 139, 145, 147]
[5, 5, 5, 5, 5, 5, 5, 5, 5, 5, 5, 0, 5, 8, 0, '\xe9\x80\x9f\xe5\xba\xa6km/h']
['\xe5\xbf\x83\xe7\x8e\x87', 151, 155, 160, 156, 150, 155, 160, 161, 165, 170, 171, 170, 173, 168, 180, 175, 170, 178, 174, 170, 165, 160, 155, 185, 160, 159, 155, 160, 165]
[9, 10, 10, 10, 11, 12, 11, 5, 5, 5, 5, 5, 5, 5, 0, '\xe9\x80\x9f\xe5\xba\xa6km/h']
['\xe6\xb5\xb7\xe6\x8b\x94m', -86, -86, -85, -85, -85, -85, -86, -86, -85, -85, -86, -86, -85, -86]
['\xe5\xbf\x83\xe7\x8e\x87', 168, 170, 135, 136, 137, 138, 139, 145, 147, 151, 155, 160, 156, 150, 155, 160, 161, 165, 170, 171, 170, 173, 168, 180, 175, 170, 178, 174, 170]
[5, 5, 5, 5, 5, 5, 5, 5, 5, 5, 0, 5, 8, 9, 0, '\xe9\x80\x9f\xe5\xba\xa6km/h']
['\xe5\xbf\x83\xe7\x8e\x87', 165, 160, 155, 185, 160, 159, 155, 160, 165, 168, 170, 135, 136, 137, 138, 139, 145, 147, 151, 155, 160, 156, 150, 155, 160, 161, 165, 170, 171]
[10, 10, 10, 11, 12, 11, 5, 5, 5, 5, 5, 5, 5, 5, 0, '\xe9\x80\x9f\xe5\xba\xa6km/h']
['\xe6\xb5\xb7\xe6\x8b\x94m', -76, -75, -76, -74, -71, -72, -76, -81, -85, -86, -61, -76, -81, -82]
['\xe5\x8f\xaf\xe4\xbf\xa1\xe5\xba\xa6', 3, 3, 3, 3, 3, 3, 3, 3, 3, 3, 3, 3, 3, 3, 3, 3, 3, 3, 3, 3, 3, 3, 3, 3, 3, 3, 3, 3, 3, 3, 3, 3, 3, 3, 3, 3, 3, 3, 3, 3, 3, 3, 3, 3, 3, 3, 3, 3, 3, 3, 3, 3, 3, 3, 3, 3, 3, 3, 3, 3, 3, 3, 3, 3, 3, 3, 3, 3, 3, 3, 3, 3, 3, 3, 3, 3, 3, 3, 3, 3, 3, 3, 3, 3, 3, 3, 3, 3, 3, 3, 3, 3, 3, 3, 3, 3, 3, 3, 3, 3, 3, 3, 3, 3, 3, 3, 3, 3, 3, 3, 3, 3, 3, 3, 3, 3]
['\xe5\xbf\x83\xe7\x8e\x87', 170, 173, 168, 180, 175, 170, 178, 174, 170, 165, 160, 155, 185, 160, 159, 155, 160, 165, 168, 170, 135, 136, 137, 138, 139, 145, 147, 151, 155]
[5, 5, 5, 5, 5, 5, 5, 5, 5, 0, 5, 8, 9, 10, 0, '\xe9\x80\x9f\xe5\xba\xa6km/h']
['\xe5\xbf\x83\xe7\x8e\x87', 160, 156, 150, 155, 160, 161, 165, 170, 171, 170, 173, 168, 180, 175, 170, 178, 174, 170, 165, 160, 155, 185, 160, 159, 155, 160, 165, 168, 170]
[10, 10, 11, 12, 11, 5, 5, 5, 5, 5, 5, 5, 5, 5, 0, '\xe9\x80\x9f\xe5\xba\xa6km/h']
['\xe6\xb5\xb7\xe6\x8b\x94m', -83, -84, -85, -86, -86, -86, -85, -85, -85, -85, -86, -86, -85, -85]
['\xe7\xac\xac3\xe5\x9c\x88\xe6\x95\xb0\xe6\x97\xb6\xe9\x97\xb4:2017-12-13 18:28:09\xef\xbc\x8c\xe5\x8d\x95\xe5\x9c\x88\xe7\x94\xa8\xe6\x97\xb6\xef\xbc\x9a360s,\xe5\x8d\x95\xe5\x9c\x88\xe8\xb7\x9d\xe7\xa6\xbb\xef\xbc\x9a1km\xef\xbc\x8c\xe5\x8d\x95\xe5\x9c\x88\xe5\x8d\xa1\xe8\xb7\xaf\xe9\x87\x8c\xef\xbc\x9a30kcal\xef\xbc\x8c\xe5\x8d\x95\xe5\x9c\x88\xe5\xb9\xb3\xe5\x9d\x87\xe8\xb8\x8f\xe9\xa2\x91\xef\xbc\x9a0\xef\xbc\x8c\xe5\x8d\x95\xe5\x9c\x88\xe5\xb9\xb3\xe5\x9d\x87\xe5\xbf\x83\xe7\x8e\x87\xef\xbc\x9a180\xef\xbc\x8c\xe5\xb9\xb3\xe5\x9d\x87\xe5\x8a\x9f\xe7\x8e\x87\xef\xbc\x9a0']
['\xe5\xbf\x83\xe7\x8e\x87', 135, 136, 137, 138, 139, 145, 147, 151, 155, 160, 156, 150, 155, 160, 161, 165, 170, 171, 170, 173, 168, 180, 175, 170, 178, 174, 170, 165, 160]
[5, 5, 5, 5, 5, 5, 5, 5, 0, 5, 8, 9, 10, 10, 0, '\xe9\x80\x9f\xe5\xba\xa6km/h']
['\xe5\xbf\x83\xe7\x8e\x87', 155, 185, 160, 159, 155, 160, 165, 168, 170, 135, 136, 137, 138, 139, 145, 147, 151, 155, 160, 156, 150, 155, 160, 161, 165, 170, 171, 170, 173]
[10, 11, 12, 11, 5, 5, 5, 5, 5, 5, 5, 5, 5, 5, 0, '\xe9\x80\x9f\xe5\xba\xa6km/h']
['\xe6\xb5\xb7\xe6\x8b\x94m', -86, -86, -85, -86, -76, -75, -76, -74, -71, -72, -76, -81, -85, -86]
['\xe5\x8f\xaf\xe4\xbf\xa1\xe5\xba\xa6', 3, 3, 3, 3, 3, 3, 3, 3, 3, 3, 3, 3, 3, 3, 3, 3, 3, 3, 3, 3, 3, 3, 3, 3, 3, 3, 3, 3, 3, 3, 3, 3, 3, 3, 3, 3, 3, 3, 3, 3, 3, 3, 3, 3, 3, 3, 3, 3, 3, 3, 3, 3, 3, 3, 3, 3, 3, 3, 3, 3, 3, 3, 3, 3, 3, 3, 3, 3, 3, 3, 3, 3, 3, 3, 3, 3, 3, 3, 3, 3, 3, 3, 3, 3, 3, 3, 3, 3, 3, 3, 3, 3, 3, 3, 3, 3, 3, 3, 3, 3, 3, 3, 3, 3, 3, 3, 3, 3, 3, 3, 3, 3, 3, 3, 3, 3]
['\xe5\xbf\x83\xe7\x8e\x87', 168, 180, 175, 170, 178, 174, 170, 165, 160, 155, 185, 160, 159, 155, 160, 165, 168, 170, 135, 136, 137, 138, 139, 145, 147, 151, 155, 160, 156]
[5, 5, 5, 5, 5, 5, 5, 0, 5, 8, 9, 10, 10, 10, 0, '\xe9\x80\x9f\xe5\xba\xa6km/h']
['\xe5\xbf\x83\xe7\x8e\x87', 150, 155, 160, 161, 165, 170, 171, 170, 173, 168, 180, 175, 170, 178, 174, 170, 165, 160, 155, 185, 160, 159, 155, 160, 165, 168, 170, 135, 136]
[11, 12, 11, 5, 5, 5, 5, 5, 5, 5, 5, 5, 5, 5, 0, '\xe9\x80\x9f\xe5\xba\xa6km/h']
['\xe6\xb5\xb7\xe6\x8b\x94m', -61, -76, -81, -82, -83, -84, -85, -86, -86, -86, -85, -85, -85, -85]
['\xe5\xbf\x83\xe7\x8e\x87', 137, 138, 139, 145, 147, 151, 155, 160, 156, 150, 155, 160, 161, 165, 170, 171, 170, 173, 168, 180, 175, 170, 178, 174, 170, 165, 160, 155, 185]
[5, 5, 5, 5, 5, 5, 0, 5, 8, 9, 10, 10, 10, 11, 0, '\xe9\x80\x9f\xe5\xba\xa6km/h']
['\xe5\xbf\x83\xe7\x8e\x87', 160, 159, 155, 160, 165, 168, 170, 135, 136, 137, 138, 139, 145, 147, 151, 155, 160, 156, 150, 155, 160, 161, 165, 170, 171, 170, 173, 168, 180]
[12, 11, 5, 5, 5, 5, 5, 5, 5, 5, 5, 5, 5, 5, 0, '\xe9\x80\x9f\xe5\xba\xa6km/h']
['\xe6\xb5\xb7\xe6\x8b\x94m', -86, -86, -85, -85, -86, -86, -85, -86, -76, -75, -76, -74, -71, -72]
['\xe5\x8f\xaf\xe4\xbf\xa1\xe5\xba\xa6', 3, 3, 3, 3, 3, 3, 3, 3, 3, 3, 3, 3, 3, 3, 3, 3, 3, 3, 3, 3, 3, 3, 3, 3, 3, 3, 3, 3, 3, 3, 3, 3, 3, 3, 3, 3, 3, 3, 3, 3, 3, 3, 3, 3, 3, 3, 3, 3, 3, 3, 3, 3, 3, 3, 3, 3, 3, 3, 3, 3, 3, 3, 3, 3, 3, 3, 3, 3, 3, 3, 3, 3, 3, 3, 3, 3, 3, 3, 3, 3, 3, 3, 3, 3, 3, 3, 3, 3, 3, 3, 3, 3, 3, 3, 3, 3, 3, 3, 3, 3, 3, 3, 3, 3, 3, 3, 3, 3, 3, 3, 3, 3, 3, 3, 3, 3]
['\xe5\xbf\x83\xe7\x8e\x87', 175, 170, 178, 174, 170, 165, 160, 155, 185, 160, 159, 155, 160, 165, 168, 170, 135, 136, 137, 138, 139, 145, 147, 151, 155, 160, 156, 150, 155]
[5, 5, 5, 5, 5, 0, 5, 8, 9, 10, 10, 10, 11, 12, 0, '\xe9\x80\x9f\xe5\xba\xa6km/h']
['\xe5\xbf\x83\xe7\x8e\x87', 160, 161, 165, 170, 171, 170, 173, 168, 180, 175, 170, 178, 174, 170, 165, 160, 155, 185, 160, 159, 155, 160, 165, 168, 170, 135, 136, 137, 138]
[11, 5, 5, 5, 5, 5, 5, 5, 5, 5, 5, 5, 5, 5, 0, '\xe9\x80\x9f\xe5\xba\xa6km/h']
['\xe6\xb5\xb7\xe6\x8b\x94m', -76, -81, -85, -86, -61, -76, -81, -82, -83, -84, -85, -86, -86, -86]
['\xe5\xbf\x83\xe7\x8e\x87', 139, 145, 147, 151, 155, 160, 156, 150, 155, 160, 161, 165, 170, 171, 170, 173, 168, 180, 175, 170, 178, 174, 170, 165, 160, 155, 185, 160, 159]
[5, 5, 5, 5, 0, 5, 8, 9, 10, 10, 10, 11, 12, 11, 0, '\xe9\x80\x9f\xe5\xba\xa6km/h']
['\xe5\xbf\x83\xe7\x8e\x87', 155, 160, 165, 168, 170, 135, 136, 137, 138, 139, 145, 147, 151, 155, 160, 156, 150, 155, 160, 161, 165, 170, 171, 170, 173, 168, 180, 175, 170]
[5, 5, 5, 5, 5, 5, 5, 5, 5, 5, 5, 5, 5, 5, 0, '\xe9\x80\x9f\xe5\xba\xa6km/h']
['\xe6\xb5\xb7\xe6\x8b\x94m', -85, -85, -85, -85, -86, -86, -85, -85, -86, -86, -85, -86, -76, -75]
['\xe5\x8f\xaf\xe4\xbf\xa1\xe5\xba\xa6', 3, 3, 3, 3, 3, 3, 3, 3, 3, 3, 3, 3, 3, 3, 3, 3, 3, 3, 3, 3, 3, 3, 3, 3, 3, 3, 3, 3, 3, 3, 3, 3, 3, 3, 3, 3, 3, 3, 3, 3, 3, 3, 3, 3, 3, 3, 3, 3, 3, 3, 3, 3, 3, 3, 3, 3, 3, 3, 3, 3, 3, 3, 3, 3, 3, 3, 3, 3, 3, 3, 3, 3, 3, 3, 3, 3, 3, 3, 3, 3, 3, 3, 3, 3, 3, 3, 3, 3, 3, 3, 3, 3, 3, 3, 3, 3, 3, 3, 3, 3, 3, 3, 3, 3, 3, 3, 3, 3, 3, 3, 3, 3, 3, 3, 3, 3]
['\xe5\xbf\x83\xe7\x8e\x87', 178, 174, 170, 165, 160, 155, 185, 160, 159, 155, 160, 165, 168, 170, 135, 136, 137, 138, 139, 145, 147, 151, 155, 160, 156, 150, 155, 160, 161]
[5, 5, 5, 0, 5, 8, 9, 10, 10, 10, 11, 12, 11, 5, 0, '\xe9\x80\x9f\xe5\xba\xa6km/h']
['\xe5\xbf\x83\xe7\x8e\x87', 165, 170, 171, 170, 173, 168, 180, 175, 170, 178, 174, 170, 165, 160, 155, 185, 160, 159, 155, 160, 165, 168, 170, 135, 136, 137, 138, 139, 145]
[5, 5, 5, 5, 5, 5, 5, 5, 5, 5, 5, 5, 5, 5, 0, '\xe9\x80\x9f\xe5\xba\xa6km/h']
['\xe6\xb5\xb7\xe6\x8b\x94m', -76, -74, -71, -72, -76, -81, -85, -86, -61, -76, -81, -82, -83, -84]
['\xe5\xbf\x83\xe7\x8e\x87', 147, 151, 155, 160, 156, 150, 155, 160, 161, 165, 170, 171, 170, 173, 168, 180, 175, 170, 178, 174, 170, 165, 160, 155, 185, 160, 159, 155, 160]
[5, 5, 0, 5, 8, 9, 10, 10, 10, 11, 12, 11, 5, 5, 0, '\xe9\x80\x9f\xe5\xba\xa6km/h']
['\xe7\xac\xac4\xe5\x9c\x88\xe6\x95\xb0\xe6\x97\xb6\xe9\x97\xb4:2017-12-13 18:34:06\xef\xbc\x8c\xe5\x8d\x95\xe5\x9c\x88\xe7\x94\xa8\xe6\x97\xb6\xef\xbc\x9a360s,\xe5\x8d\x95\xe5\x9c\x88\xe8\xb7\x9d\xe7\xa6\xbb\xef\xbc\x9a1km\xef\xbc\x8c\xe5\x8d\x95\xe5\x9c\x88\xe5\x8d\xa1\xe8\xb7\xaf\xe9\x87\x8c\xef\xbc\x9a30kcal\xef\xbc\x8c\xe5\x8d\x95\xe5\x9c\x88\xe5\xb9\xb3\xe5\x9d\x87\xe8\xb8\x8f\xe9\xa2\x91\xef\xbc\x9a0\xef\xbc\x8c\xe5\x8d\x95\xe5\x9c\x88\xe5\xb9\xb3\xe5\x9d\x87\xe5\xbf\x83\xe7\x8e\x87\xef\xbc\x9a180\xef\xbc\x8c\xe5\xb9\xb3\xe5\x9d\x87\xe5\x8a\x9f\xe7\x8e\x87\xef\xbc\x9a0']
['\xe5\xbf\x83\xe7\x8e\x87', 165, 168, 170, 135, 136, 137, 138, 139, 145, 147, 151, 155, 160, 156, 150, 155, 160, 161, 165, 170, 171, 170, 173, 168, 180, 175, 170, 178, 174]
[5, 5, 5, 5, 5, 5, 5, 5, 5, 5, 5, 5, 5, 5, 0, '\xe9\x80\x9f\xe5\xba\xa6km/h']
['\xe6\xb5\xb7\xe6\x8b\x94m', -85, -86, -86, -86, -85, -85, -85, -85, -86, -86, -85, -85, -86, -86]
['\xe5\x8f\xaf\xe4\xbf\xa1\xe5\xba\xa6', 3, 3, 3, 3, 3, 3, 3, 3, 3, 3, 3, 3, 3, 3, 3, 3, 3, 3, 3, 3, 3, 3, 3, 3, 3, 3, 3, 3, 3, 3, 3, 3, 3, 3, 3, 3, 3, 3, 3, 3, 3, 3, 3, 3, 3, 3, 3, 3, 3, 3, 3, 3, 3, 3, 3, 3, 3, 3, 3, 3, 3, 3, 3, 3, 3, 3, 3, 3, 3, 3, 3, 3, 3, 3, 3, 3, 3, 3, 3, 3, 3, 3, 3, 3, 3, 3, 3, 3, 3, 3, 3, 3, 3, 3, 3, 3, 3, 3, 3, 3, 3, 3, 3, 3, 3, 3, 3, 3, 3, 3, 3, 3, 3, 3, 3, 3]
['\xe5\xbf\x83\xe7\x8e\x87', 170, 165, 160, 155, 185, 160, 159, 155, 160, 165, 168, 170, 135, 136, 137, 138, 139, 145, 147, 151, 155, 160, 156, 150, 155, 160, 161, 165, 170]
[5, 0, 5, 8, 9, 10, 10, 10, 11, 12, 11, 5, 5, 5, 0, '\xe9\x80\x9f\xe5\xba\xa6km/h']
['\xe5\xbf\x83\xe7\x8e\x87', 171, 170, 173, 168, 180, 175, 170, 178, 174, 170, 165, 160, 155, 185, 160, 159, 155, 160, 165, 168, 170, 135, 136, 137, 138, 139, 145, 147, 151]
[5, 5, 5, 5, 5, 5, 5, 5, 5, 5, 5, 5, 5, 5, 0, '\xe9\x80\x9f\xe5\xba\xa6km/h']
['\xe6\xb5\xb7\xe6\x8b\x94m', -85, -86, -76, -75, -76, -74, -71, -72, -76, -81, -85, -86, -61, -76]
['\xe5\xbf\x83\xe7\x8e\x87', 155, 160, 156, 150, 155, 160, 161, 165, 170, 171, 170, 173, 168, 180, 175, 170, 178, 174, 170, 165, 160, 155, 185, 160, 159, 155, 160, 165, 168]
[0, 5, 8, 9, 10, 10, 10, 11, 12, 11, 5, 5, 5, 5, 0, '\xe9\x80\x9f\xe5\xba\xa6km/h']
['\xe5\xbf\x83\xe7\x8e\x87', 170, 135, 136, 137, 138, 139, 145, 147, 151, 155, 160, 156, 150, 155, 160, 161, 165, 170, 171, 170, 173, 168, 180, 175, 170, 178, 174, 170, 165]
[5, 5, 5, 5, 5, 5, 5, 5, 5, 5, 5, 5, 5, 0, 0, '\xe9\x80\x9f\xe5\xba\xa6km/h']
['\xe6\xb5\xb7\xe6\x8b\x94m', -81, -82, -83, -84, -85, -86, -86, -86, -85, -85, -85, -85, -86, -86]
['\xe5\x8f\xaf\xe4\xbf\xa1\xe5\xba\xa6', 3, 3, 3, 3, 3, 3, 3, 3, 3, 3, 3, 3, 3, 3, 3, 3, 3, 3, 3, 3, 3, 3, 3, 3, 3, 3, 3, 3, 3, 3, 3, 3, 3, 3, 3, 3, 3, 3, 3, 3, 3, 3, 3, 3, 3, 3, 3, 3, 3, 3, 3, 3, 3, 3, 3, 3, 3, 3, 3, 3, 3, 3, 3, 3, 3, 3, 3, 3, 3, 3, 3, 3, 3, 3, 3, 3, 3, 3, 3, 3, 3, 3, 3, 3, 3, 3, 3, 3, 3, 3, 3, 3, 3, 3, 3, 3, 3, 3, 3, 3, 3, 3, 3, 3, 3, 3, 3, 3, 3, 3, 3, 3, 3, 3, 3, 3]
['\xe5\xbf\x83\xe7\x8e\x87', 160, 155, 185, 160, 159, 155, 160, 165, 168, 170, 135, 136, 137, 138, 139, 145, 147, 151, 155, 160, 156, 150, 155, 160, 161, 165, 170, 171, 170]
[5, 8, 9, 10, 10, 10, 11, 12, 11, 5, 5, 5, 5, 5, 0, '\xe9\x80\x9f\xe5\xba\xa6km/h']
['\xe5\xbf\x83\xe7\x8e\x87', 173, 168, 180, 175, 170, 178, 174, 170, 165, 160, 155, 185, 160, 159, 155, 160, 165, 168, 170, 135, 136, 137, 138, 139, 145, 147, 151, 155, 160]
[5, 5, 5, 5, 5, 5, 5, 5, 5, 5, 5, 5, 0, 5, 0, '\xe9\x80\x9f\xe5\xba\xa6km/h']
['\xe6\xb5\xb7\xe6\x8b\x94m', -85, -85, -86, -86, -85, -86, -76, -75, -76, -74, -71, -72, -76, -81]
['\xe5\xbf\x83\xe7\x8e\x87', 156, 150, 155, 160, 161, 165, 170, 171, 170, 173, 168, 180, 175, 170, 178, 174, 170, 165, 160, 155, 185, 160, 159, 155, 160, 165, 168, 170, 135]
[8, 9, 10, 10, 10, 11, 12, 11, 5, 5, 5, 5, 5, 5, 0, '\xe9\x80\x9f\xe5\xba\xa6km/h']
['\xe5\xbf\x83\xe7\x8e\x87', 136, 137, 138, 139, 145, 147, 151, 155, 160, 156, 150, 155, 160, 161, 165, 170, 171, 170, 173, 168, 180, 175, 170, 178, 174, 170, 165, 160, 155]
[5, 5, 5, 5, 5, 5, 5, 5, 5, 5, 5, 0, 5, 8, 0, '\xe9\x80\x9f\xe5\xba\xa6km/h']
['\xe6\xb5\xb7\xe6\x8b\x94m', -85, -86, -61, -76, -81, -82, -83, -84, -85, -86, -86, -86, -85, -85]
['\xe5\x8f\xaf\xe4\xbf\xa1\xe5\xba\xa6', 3, 3, 3, 3, 3, 3, 3, 3, 3, 3, 3, 3, 3, 3, 3, 3, 3, 3, 3, 3, 3, 3, 3, 3, 3, 3, 3, 3, 3, 3, 3, 3, 3, 3, 3, 3, 3, 3, 3, 3, 3, 3, 3, 3, 3, 3, 3, 3, 3, 3, 3, 3, 3, 3, 3, 3, 3, 3, 3, 3, 3, 3, 3, 3, 3, 3, 3, 3, 3, 3, 3, 3, 3, 3, 3, 3, 3, 3, 3, 3, 3, 3, 3, 3, 3, 3, 3, 3, 3, 3, 3, 3, 3, 3, 3, 3, 3, 3, 3, 3, 3, 3, 3, 3, 3, 3, 3, 3, 3, 3, 3, 3, 3, 3, 3, 3]
['\xe5\xbf\x83\xe7\x8e\x87', 185, 160, 159, 155, 160, 165, 168, 170, 135, 136, 137, 138, 139, 145, 147, 151, 155, 160, 156, 150, 155, 160, 161, 165, 170, 171, 170, 173, 168]
[9, 10, 10, 10, 11, 12, 11, 5, 5, 5, 5, 5, 5, 5, 0, '\xe9\x80\x9f\xe5\xba\xa6km/h']
['\xe5\xbf\x83\xe7\x8e\x87', 180, 175, 170, 178, 174, 170, 165, 160, 155, 185, 160, 159, 155, 160, 165, 168, 170, 135, 136, 137, 138, 139, 145, 147, 151, 155, 160, 156, 150]
[5, 5, 5, 5, 5, 5, 5, 5, 5, 5, 0, 5, 8, 9, 0, '\xe9\x80\x9f\xe5\xba\xa6km/h']
['\xe6\xb5\xb7\xe6\x8b\x94m', -85, -85, -86, -86, -85, -85, -86, -86, -85, -86, -76, -75, -76, -74]
['\xe5\xbf\x83\xe7\x8e\x87', 155, 160, 161, 165, 170, 171, 170, 173, 168, 180, 175, 170, 178, 174, 170, 165, 160, 155, 185, 160, 159, 155, 160, 165, 168, 170, 135, 136, 137]
[10, 10, 10, 11, 12, 11, 5, 5, 5, 5, 5, 5, 5, 5, 0, '\xe9\x80\x9f\xe5\xba\xa6km/h']
['\xe5\xbf\x83\xe7\x8e\x87', 138, 139, 145, 147, 151, 155, 160, 156, 150, 155, 160, 161, 165, 170, 171, 170, 173, 168, 180, 175, 170, 178, 174, 170, 165, 160, 155, 185, 160]
[5, 5, 5, 5, 5, 5, 5, 5, 5, 0, 5, 8, 9, 10, 0, '\xe9\x80\x9f\xe5\xba\xa6km/h']
['\xe6\xb5\xb7\xe6\x8b\x94m', -71, -72, -76, -81, -85, -86, -61, -76, -81, -82, -83, -84, -85, -86]
['\xe5\x8f\xaf\xe4\xbf\xa1\xe5\xba\xa6', 3, 3, 3, 3, 3, 3, 3, 3, 3, 3, 3, 3, 3, 3, 3, 3, 3, 3, 3, 3, 3, 3, 3, 3, 3, 3, 3, 3, 3, 3, 3, 3, 3, 3, 3, 3, 3, 3, 3, 3, 3, 3, 3, 3, 3, 3, 3, 3, 3, 3, 3, 3, 3, 3, 3, 3, 3, 3, 3, 3, 3, 3, 3, 3, 3, 3, 3, 3, 3, 3, 3, 3, 3, 3, 3, 3, 3, 3, 3, 3, 3, 3, 3, 3, 3, 3, 3, 3, 3, 3, 3, 3, 3, 3, 3, 3, 3, 3, 3, 3, 3, 3, 3, 3, 3, 3, 3, 3, 3, 3, 3, 3, 3, 3, 3, 3]
['\xe7\xac\xac5\xe5\x9c\x88\xe6\x95\xb0\xe6\x97\xb6\xe9\x97\xb4:2017-12-13 18:40:03\xef\xbc\x8c\xe5\x8d\x95\xe5\x9c\x88\xe7\x94\xa8\xe6\x97\xb6\xef\xbc\x9a360s,\xe5\x8d\x95\xe5\x9c\x88\xe8\xb7\x9d\xe7\xa6\xbb\xef\xbc\x9a1km\xef\xbc\x8c\xe5\x8d\x95\xe5\x9c\x88\xe5\x8d\xa1\xe8\xb7\xaf\xe9\x87\x8c\xef\xbc\x9a30kcal\xef\xbc\x8c\xe5\x8d\x95\xe5\x9c\x88\xe5\xb9\xb3\xe5\x9d\x87\xe8\xb8\x8f\xe9\xa2\x91\xef\xbc\x9a0\xef\xbc\x8c\xe5\x8d\x95\xe5\x9c\x88\xe5\xb9\xb3\xe5\x9d\x87\xe5\xbf\x83\xe7\x8e\x87\xef\xbc\x9a180\xef\xbc\x8c\xe5\xb9\xb3\xe5\x9d\x87\xe5\x8a\x9f\xe7\x8e\x87\xef\xbc\x9a0']
['\xe6\x80\xbb\xe8\xb7\x9d\xe7\xa6\xbb:5km\xef\xbc\x8c\xe8\xbf\x90\xe5\x8a\xa8\xe7\x94\xa8\xe6\x97\xb6\xef\xbc\x9a1800s,\xe5\x9c\x88\xe6\x95\xb0\xef\xbc\x9a5\xef\xbc\x8c\xe5\x8d\xa1\xe8\xb7\xaf\xe9\x87\x8c\xef\xbc\x9a30kcal\xef\xbc\x8c\xe5\xb9\xb3\xe5\x9d\x87\xe5\xbf\x83\xe7\x8e\x87\xef\xbc\x9a130\xef\xbc\x8c\xe6\x9c\x80\xe5\xa4\xa7\xe6\x91\x84\xe6\xb0\xa7\xe9\x87\x8f\xef\xbc\x9a0\xef\xbc\x8c\xe5\xb9\xb3\xe5\x9d\x87\xe8\xb8\x8f\xe9\xa2\x91\xef\xbc\x9a0\xef\xbc\x8c\xe5\xb9\xb3\xe5\x9d\x87\xe5\x8a\x9f\xe7\x8e\x870\xef\xbc\x8c\xe6\x80\xbb\xe4\xb8\x8a\xe5\x8d\x87\xe9\xab\x98\xe5\xba\xa6\xef\xbc\x9a10m\xef\xbc\x8c\xe6\x80\xbb\xe4\xb8\x8b\xe9\x99\x8d\xe9\xab\x98\xe5\xba\xa6\xef\xbc\x9a10m']
['\xe6\x9c\x80\xe5\xa4\xa7\xe8\xb8\x8f\xe9\xa2\x91:180,\xe6\x9c\x80\xe5\xa4\xa7\xe5\xbf\x83\xe7\x8e\x87:170,\xe6\x9c\x80\xe5\xb0\x8f\xe5\xbf\x83\xe7\x8e\x87:120,\xe6\x9c\x80\xe5\xa4\xa7\xe9\x80\x9f\xe5\xba\xa6:6000,\xe5\xb9\xb3\xe5\x9d\x87\xe9\x80\x9f\xe5\xba\xa6:9000']
['\xe8\xbf\x90\xe5\x8a\xa8\xe7\xb1\xbb\xe5\x9e\x8b:\xe9\xaa\x91\xe8\xa1\x8c ,\xe8\xbf\x90\xe5\x8a\xa8\xe7\xbb\x93\xe6\x9d\x9f\xe6\x97\xb6\xe9\x97\xb4:2017-12-13 18:40:03 ,\xe6\x98\xaf\xe5\x90\xa6\xe4\xbf\x9d\xe5\xad\x98:\xe4\xbf\x9d\xe5\xad\x98 ']

['\xe6\xa8\xa1\xe5\xbc\x8f:\xe9\x93\x81\xe4\xba\xba\xe4\xb8\x89\xe9\xa1\xb9:\xe8\xb7\x91\xe6\xad\xa5,\xe8\xbf\x90\xe5\x8a\xa8\xe7\xb1\xbb\xe5\x9e\x8b:\xe6\x88\xb7\xe5\xa4\x96\xe8\xb7\x91\xe6\xad\xa5 ,\xe8\xbf\x90\xe5\x8a\xa8\xe5\xbc\x80\xe5\xa7\x8b\xe6\x97\xb6\xe9\x97\xb4:2017-12-13 18:40:08 ,\xe5\x85\xac\xe8\x8b\xb1\xe5\x88\xb6:\xe5\x85\xac\xe5\x88\xb6 ,\xe6\x97\xb6\xe5\x8c\xba:32 ,\xe5\x8d\x95\xe5\x9c\x88\xe8\xb7\x9d\xe7\xa6\xbb\xe8\xae\xbe\xe7\xbd\xae:1km']
['time:2017-12-13 18:40:08 ,peroid_step_t ,interval = 5 \xef\xbc\x8cmax_bit= 9']
['time:2017-12-13 18:40:09 ,peroid_step_len_t ,interval = 5 \xef\xbc\x8cmax_bit= 9']
['time:2017-12-13 18:40:10 ,peroid_heartrate_t ,interval = 1 \xef\xbc\x8cmax_bit= 8']
['time:2017-12-13 18:40:11 ,peroid_trust_level_t ,interval = 1 \xef\xbc\x8cmax_bit= 2']
['time:2017-12-13 18:40:12 ,peroid_calories_t ,interval = 60 \xef\xbc\x8cmax_bit= 16']
['time:2017-12-13 18:40:13 ,peroid_pace_t ,interval = 2 \xef\xbc\x8cmax_bit= 16']
['\xe5\xbf\x83\xe7\x8e\x87', 135, 136, 137, 138, 139, 145, 147, 151, 155, 160, 156, 150, 155, 160, 161, 165, 170, 171, 170, 173, 168, 180, 175, 170, 178, 174, 170, 165, 160]
[0, 5, 8, 9, 10, 10, 10, 11, 12, 11, 5, 5, 5, 5, 0, '\xe9\x80\x9f\xe5\xba\xa6km/h']
['\xe5\xbf\x83\xe7\x8e\x87', 155, 185, 160, 159, 155, 160, 165, 168, 170, 135, 136, 137, 138, 139, 145, 147, 151, 155, 160, 156, 150, 155, 160, 161, 165, 170, 171, 170, 173]
[5, 5, 5, 5, 5, 5, 5, 5, 5, 5, 5, 5, 5, 0, 0, '\xe9\x80\x9f\xe5\xba\xa6km/h']
['\xe6\xad\xa5\xe9\xa2\x91step/min', 0, 0, 56, 57, 57, 55, 54, 56, 57, 57, 57]
['\xe6\xad\xa5\xe9\x95\xbfcm', 52, 67, 70, 71, 71, 70, 70, 82, 81, 80, 80]
['\xe6\xb5\xb7\xe6\x8b\x94m', -86, -86, -85, -85, -85, -85, -86, -86, -85, -85, -86, -86, -85, -86]
['\xe5\xbf\x83\xe7\x8e\x87', 168, 180, 175, 170, 178, 174, 170, 165, 160, 155, 185, 160, 159, 155, 160, 165, 168, 170, 135, 136, 137, 138, 139, 145, 147, 151, 155, 160, 156]
[5, 8, 9, 10, 10, 10, 11, 12, 11, 5, 5, 5, 5, 5, 0, '\xe9\x80\x9f\xe5\xba\xa6km/h']
['\xe5\xbf\x83\xe7\x8e\x87', 150, 155, 160, 161, 165, 170, 171, 170, 173, 168, 180, 175, 170, 178, 174, 170, 165, 160, 155, 185, 160, 159, 155, 160, 165, 168, 170, 135, 136]
[5, 5, 5, 5, 5, 5, 5, 5, 5, 5, 5, 5, 0, 5, 0, '\xe9\x80\x9f\xe5\xba\xa6km/h']
['\xe6\xad\xa5\xe9\xa2\x91step/min', 80, 80, 80, 82, 82, 82, 82, 82, 81, 80, 80]
['\xe6\xad\xa5\xe9\x95\xbfcm', 80, 80, 80, 80, 80, 80, 82, 82, 82, 82, 82]
['\xe6\xb5\xb7\xe6\x8b\x94m', -76, -75, -76, -74, -71, -72, -76, -81, -85, -86, -61, -76, -81, -82]
['\xe5\x8f\xaf\xe4\xbf\xa1\xe5\xba\xa6', 3, 3, 3, 3, 3, 3, 3, 3, 3, 3, 3, 3, 3, 3, 3, 3, 3, 3, 3, 3, 3, 3, 3, 3, 3, 3, 3, 3, 3, 3, 3, 3, 3, 3, 3, 3, 3, 3, 3, 3, 3, 3, 3, 3, 3, 3, 3, 3, 3, 3, 3, 3, 3, 3, 3, 3, 3, 3, 3, 3, 3, 3, 3, 3, 3, 3, 3, 3, 3, 3, 3, 3, 3, 3, 3, 3, 3, 3, 3, 3, 3, 3, 3, 3, 3, 3, 3, 3, 3, 3, 3, 3, 3, 3, 3, 3, 3, 3, 3, 3, 3, 3, 3, 3, 3, 3, 3, 3, 3, 3, 3, 3, 3, 3, 3, 3]
['\xe5\xbf\x83\xe7\x8e\x87', 137, 138, 139, 145, 147, 151, 155, 160, 156, 150, 155, 160, 161, 165, 170, 171, 170, 173, 168, 180, 175, 170, 178, 174, 170, 165, 160, 155, 185]
[8, 9, 10, 10, 10, 11, 12, 11, 5, 5, 5, 5, 5, 5, 0, '\xe9\x80\x9f\xe5\xba\xa6km/h']
['\xe5\xbf\x83\xe7\x8e\x87', 160, 159, 155, 160, 165, 168, 170, 135, 136, 137, 138, 139, 145, 147, 151, 155, 160, 156, 150, 155, 160, 161, 165, 170, 171, 170, 173, 168, 180]
[5, 5, 5, 5, 5, 5, 5, 5, 5, 5, 5, 0, 5, 8, 0, '\xe9\x80\x9f\xe5\xba\xa6km/h']
['\xe6\xad\xa5\xe9\xa2\x91step/min', 80, 80, 80, 80, 80, 80, 82, 82, 82, 82, 82]
['\xe6\xad\xa5\xe9\x95\xbfcm', 81, 80, 80, 80, 80, 80, 80, 80, 80, 82, 82]
['\xe6\xb5\xb7\xe6\x8b\x94m', -83, -84, -85, -86, -86, -86, -85, -85, -85, -85, -86, -86, -85, -85]
['\xe5\xbf\x83\xe7\x8e\x87', 175, 170, 178, 174, 170, 165, 160, 155, 185, 160, 159, 155, 160, 165, 168, 170, 135, 136, 137, 138, 139, 145, 147, 151, 155, 160, 156, 150, 155]
[9, 10, 10, 10, 11, 12, 11, 5, 5, 5, 5, 5, 5, 5, 0, '\xe9\x80\x9f\xe5\xba\xa6km/h']
['\xe5\xbf\x83\xe7\x8e\x87', 160, 161, 165, 170, 171, 170, 173, 168, 180, 175, 170, 178, 174, 170, 165, 160, 155, 185, 160, 159, 155, 160, 165, 168, 170, 135, 136, 137, 138]
[5, 5, 5, 5, 5, 5, 5, 5, 5, 5, 0, 5, 8, 9, 0, '\xe9\x80\x9f\xe5\xba\xa6km/h']
['\xe6\xad\xa5\xe9\xa2\x91step/min', 81, 80, 80, 80, 80, 80, 80, 80, 80, 82, 82]
['\xe6\xad\xa5\xe9\x95\xbfcm', 82, 82, 82, 81, 80, 80, 80, 80, 80, 80, 80]
['\xe6\xb5\xb7\xe6\x8b\x94m', -86, -86, -85, -86, -76, -75, -76, -74, -71, -72, -76, -81, -85, -86]
['\xe5\x8f\xaf\xe4\xbf\xa1\xe5\xba\xa6', 3, 3, 3, 3, 3, 3, 3, 3, 3, 3, 3, 3, 3, 3, 3, 3, 3, 3, 3, 3, 3, 3, 3, 3, 3, 3, 3, 3, 3, 3, 3, 3, 3, 3, 3, 3, 3, 3, 3, 3, 3, 3, 3, 3, 3, 3, 3, 3, 3, 3, 3, 3, 3, 3, 3, 3, 3, 3, 3, 3, 3, 3, 3, 3, 3, 3, 3, 3, 3, 3, 3, 3, 3, 3, 3, 3, 3, 3, 3, 3, 3, 3, 3, 3, 3, 3, 3, 3, 3, 3, 3, 3, 3, 3, 3, 3, 3, 3, 3, 3, 3, 3, 3, 3, 3, 3, 3, 3, 3, 3, 3, 3, 3, 3, 3, 3]
['\xe5\xbf\x83\xe7\x8e\x87', 139, 145, 147, 151, 155, 160, 156, 150, 155, 160, 161, 165, 170, 171, 170, 173, 168, 180, 175, 170, 178, 174, 170, 165, 160, 155, 185, 160, 159]
[10, 10, 10, 11, 12, 11, 5, 5, 5, 5, 5, 5, 5, 5, 0, '\xe9\x80\x9f\xe5\xba\xa6km/h']
['\xe5\xbf\x83\xe7\x8e\x87', 155, 160, 165, 168, 170, 135, 136, 137, 138, 139, 145, 147, 151, 155, 160, 156, 150, 155, 160, 161, 165, 170, 171, 170, 173, 168, 180, 175, 170]
[5, 5, 5, 5, 5, 5, 5, 5, 5, 0, 5, 8, 9, 10, 0, '\xe9\x80\x9f\xe5\xba\xa6km/h']
['\xe6\xad\xa5\xe9\xa2\x91step/min', 82, 82, 82, 81, 0, 0, 56, 57, 57, 55, 54]
['\xe6\xad\xa5\xe9\x95\xbfcm', 80, 82, 82, 82, 82, 82, 81, 80, 80, 80, 80]
['\xe6\xb5\xb7\xe6\x8b\x94m', -61, -76, -81, -82, -83, -84, -85, -86, -86, -86, -85, -85, -85, -85]
['\xe5\xbf\x83\xe7\x8e\x87', 178, 174, 170, 165, 160, 155, 185, 160, 159, 155, 160, 165, 168, 170, 135, 136, 137, 138, 139, 145, 147, 151, 155, 160, 156, 150, 155, 160, 161]
[10, 10, 11, 12, 11, 5, 5, 5, 5, 5, 5, 5, 5, 5, 0, '\xe9\x80\x9f\xe5\xba\xa6km/h']
['\xe5\xbf\x83\xe7\x8e\x87', 165, 170, 171, 170, 173, 168, 180, 175, 170, 178, 174, 170, 165, 160, 155, 185, 160, 159, 155, 160, 165, 168, 170, 135, 136, 137, 138, 139, 145]
[5, 5, 5, 5, 5, 5, 5, 5, 0, 5, 8, 9, 10, 10, 0, '\xe9\x80\x9f\xe5\xba\xa6km/h']
['\xe6\xad\xa5\xe9\xa2\x91step/min', 56, 57, 57, 57, 80, 80, 80, 82, 82, 82, 82]
['\xe6\xad\xa5\xe9\x95\xbfcm', 82, 82, 82, 82, 82, 81, 52, 67, 70, 71, 71]
['\xe6\xb5\xb7\xe6\x8b\x94m', -86, -86, -85, -85, -86, -86, -85, -86, -76, -75, -76, -74, -71, -72]
['\xe5\x8f\xaf\xe4\xbf\xa1\xe5\xba\xa6', 3, 3, 3, 3, 3, 3, 3, 3, 3, 3, 3, 3, 3, 3, 3, 3, 3, 3, 3, 3, 3, 3, 3, 3, 3, 3, 3, 3, 3, 3, 3, 3, 3, 3, 3, 3, 3, 3, 3, 3, 3, 3, 3, 3, 3, 3, 3, 3, 3, 3, 3, 3, 3, 3, 3, 3, 3, 3, 3, 3, 3, 3, 3, 3, 3, 3, 3, 3, 3, 3, 3, 3, 3, 3, 3, 3, 3, 3, 3, 3, 3, 3, 3, 3, 3, 3, 3, 3, 3, 3, 3, 3, 3, 3, 3, 3, 3, 3, 3, 3, 3, 3, 3, 3, 3, 3, 3, 3, 3, 3, 3, 3, 3, 3, 3, 3]
['\xe5\xbf\x83\xe7\x8e\x87', 147, 151, 155, 160, 156, 150, 155, 160, 161, 165, 170, 171, 170, 173, 168, 180, 175, 170, 178, 174, 170, 165, 160, 155, 185, 160, 159, 155, 160]
[10, 11, 12, 11, 5, 5, 5, 5, 5, 5, 5, 5, 5, 5, 0, '\xe9\x80\x9f\xe5\xba\xa6km/h']
1:2017-12-13 18:46:12360s,1km17030kcal170,180
['\xe5\xbf\x83\xe7\x8e\x87', 165, 168, 170, 135, 136, 137, 138, 139, 145, 147, 151, 155, 160, 156, 150, 155, 160, 161, 165, 170, 171, 170, 173, 168, 180, 175, 170, 178, 174]
[5, 5, 5, 5, 5, 5, 5, 0, 5, 8, 9, 10, 10, 10, 0, '\xe9\x80\x9f\xe5\xba\xa6km/h']
['\xe6\xad\xa5\xe9\xa2\x91step/min', 82, 81, 80, 80, 80, 80, 80, 80, 80, 80, 82]
['\xe6\xad\xa5\xe9\x95\xbfcm', 70, 70, 82, 81, 80, 80, 80, 80, 80, 80, 80]
['\xe6\xb5\xb7\xe6\x8b\x94m', -76, -81, -85, -86, -61, -76, -81, -82, -83, -84, -85, -86, -86, -86]
['\xe5\xbf\x83\xe7\x8e\x87', 170, 165, 160, 155, 185, 160, 159, 155, 160, 165, 168, 170, 135, 136, 137, 138, 139, 145, 147, 151, 155, 160, 156, 150, 155, 160, 161, 165, 170]
[11, 12, 11, 5, 5, 5, 5, 5, 5, 5, 5, 5, 5, 5, 0, '\xe9\x80\x9f\xe5\xba\xa6km/h']
['\xe5\xbf\x83\xe7\x8e\x87', 171, 170, 173, 168, 180, 175, 170, 178, 174, 170, 165, 160, 155, 185, 160, 159, 155, 160, 165, 168, 170, 135, 136, 137, 138, 139, 145, 147, 151]
[5, 5, 5, 5, 5, 5, 0, 5, 8, 9, 10, 10, 10, 11, 0, '\xe9\x80\x9f\xe5\xba\xa6km/h']
['\xe6\xad\xa5\xe9\xa2\x91step/min', 82, 82, 82, 82, 81, 80, 80, 80, 80, 80, 80]
['\xe6\xad\xa5\xe9\x95\xbfcm', 80, 82, 82, 82, 82, 82, 81, 80, 80, 80, 80]
['\xe6\xb5\xb7\xe6\x8b\x94m', -85, -85, -85, -85, -86, -86, -85, -85, -86, -86, -85, -86, -76, -75]
['\xe5\x8f\xaf\xe4\xbf\xa1\xe5\xba\xa6', 3, 3, 3, 3, 3, 3, 3, 3, 3, 3, 3, 3, 3, 3, 3, 3, 3, 3, 3, 3, 3, 3, 3, 3, 3, 3, 3, 3, 3, 3, 3, 3, 3, 3, 3, 3, 3, 3, 3, 3, 3, 3, 3, 3, 3, 3, 3, 3, 3, 3, 3, 3, 3, 3, 3, 3, 3, 3, 3, 3, 3, 3, 3, 3, 3, 3, 3, 3, 3, 3, 3, 3, 3, 3, 3, 3, 3, 3, 3, 3, 3, 3, 3, 3, 3, 3, 3, 3, 3, 3, 3, 3, 3, 3, 3, 3, 3, 3, 3, 3, 3, 3, 3, 3, 3, 3, 3, 3, 3, 3, 3, 3, 3, 3, 3, 3]
['\xe5\xbf\x83\xe7\x8e\x87', 155, 160, 156, 150, 155, 160, 161, 165, 170, 171, 170, 173, 168, 180, 175, 170, 178, 174, 170, 165, 160, 155, 185, 160, 159, 155, 160, 165, 168]
[12, 11, 5, 5, 5, 5, 5, 5, 5, 5, 5, 5, 5, 5, 0, '\xe9\x80\x9f\xe5\xba\xa6km/h']
['\xe5\xbf\x83\xe7\x8e\x87', 170, 135, 136, 137, 138, 139, 145, 147, 151, 155, 160, 156, 150, 155, 160, 161, 165, 170, 171, 170, 173, 168, 180, 175, 170, 178, 174, 170, 165]
[5, 5, 5, 5, 5, 0, 5, 8, 9, 10, 10, 10, 11, 12, 0, '\xe9\x80\x9f\xe5\xba\xa6km/h']
['\xe6\xad\xa5\xe9\xa2\x91step/min', 80, 80, 82, 82, 82, 82, 82, 81, 0, 0, 56]
['\xe6\xad\xa5\xe9\x95\xbfcm', 80, 80, 80, 80, 82, 82, 82, 82, 82, 81, 80]
['\xe6\xb5\xb7\xe6\x8b\x94m', -76, -74, -71, -72, -76, -81, -85, -86, -61, -76, -81, -82, -83, -84]
['\xe5\xbf\x83\xe7\x8e\x87', 160, 155, 185, 160, 159, 155, 160, 165, 168, 170, 135, 136, 137, 138, 139, 145, 147, 151, 155, 160, 156, 150, 155, 160, 161, 165, 170, 171, 170]
[11, 5, 5, 5, 5, 5, 5, 5, 5, 5, 5, 5, 5, 5, 0, '\xe9\x80\x9f\xe5\xba\xa6km/h']
['\xe5\xbf\x83\xe7\x8e\x87', 173, 168, 180, 175, 170, 178, 174, 170, 165, 160, 155, 185, 160, 159, 155, 160, 165, 168, 170, 135, 136, 137, 138, 139, 145, 147, 151, 155, 160]
[5, 5, 5, 5, 0, 5, 8, 9, 10, 10, 10, 11, 12, 11, 0, '\xe9\x80\x9f\xe5\xba\xa6km/h']
['\xe6\xad\xa5\xe9\xa2\x91step/min', 57, 57, 55, 54, 56, 57, 57, 57, 80, 80, 80]
['\xe6\xad\xa5\xe9\x95\xbfcm', 80, 80, 80, 80, 80, 80, 80, 82, 82, 82, 82]
['\xe6\xb5\xb7\xe6\x8b\x94m', -85, -86, -86, -86, -85, -85, -85, -85, -86, -86, -85, -85, -86, -86]
['\xe5\x8f\xaf\xe4\xbf\xa1\xe5\xba\xa6', 3, 3, 3, 3, 3, 3, 3, 3, 3, 3, 3, 3, 3, 3, 3, 3, 3, 3, 3, 3, 3, 3, 3, 3, 3, 3, 3, 3, 3, 3, 3, 3, 3, 3, 3, 3, 3, 3, 3, 3, 3, 3, 3, 3, 3, 3, 3, 3, 3, 3, 3, 3, 3, 3, 3, 3, 3, 3, 3, 3, 3, 3, 3, 3, 3, 3, 3, 3, 3, 3, 3, 3, 3, 3, 3, 3, 3, 3, 3, 3, 3, 3, 3, 3, 3, 3, 3, 3, 3, 3, 3, 3, 3, 3, 3, 3, 3, 3, 3, 3, 3, 3, 3, 3, 3, 3, 3, 3, 3, 3, 3, 3, 3, 3, 3, 3]
['\xe5\xbf\x83\xe7\x8e\x87', 156, 150, 155, 160, 161, 165, 170, 171, 170, 173, 168, 180, 175, 170, 178, 174, 170, 165, 160, 155, 185, 160, 159, 155, 160, 165, 168, 170, 135]
[5, 5, 5, 5, 5, 5, 5, 5, 5, 5, 5, 5, 5, 5, 0, '\xe9\x80\x9f\xe5\xba\xa6km/h']
['\xe5\xbf\x83\xe7\x8e\x87', 136, 137, 138, 139, 145, 147, 151, 155, 160, 156, 150, 155, 160, 161, 165, 170, 171, 170, 173, 168, 180, 175, 170, 178, 174, 170, 165, 160, 155]
[5, 5, 5, 0, 5, 8, 9, 10, 10, 10, 11, 12, 11, 5, 0, '\xe9\x80\x9f\xe5\xba\xa6km/h']
['\xe6\xad\xa5\xe9\xa2\x91step/min', 82, 82, 82, 82, 82, 81, 80, 80, 80, 80, 80]
['\xe6\xad\xa5\xe9\x95\xbfcm', 82, 81, 80, 80, 80, 80, 82, 82, 82, 82, 82]
['\xe6\xb5\xb7\xe6\x8b\x94m', -85, -86, -76, -75, -76, -74, -71, -72, -76, -81, -85, -86, -61, -76]
['\xe5\xbf\x83\xe7\x8e\x87', 185, 160, 159, 155, 160, 165, 168, 170, 135, 136, 137, 138, 139, 145, 147, 151, 155, 160, 156, 150, 155, 160, 161, 165, 170, 171, 170, 173, 168]
[5, 5, 5, 5, 5, 5, 5, 5, 5, 5, 5, 5, 5, 5, 0, '\xe9\x80\x9f\xe5\xba\xa6km/h']
['\xe5\xbf\x83\xe7\x8e\x87', 180, 175, 170, 178, 174, 170, 165, 160, 155, 185, 160, 159, 155, 160, 165, 168, 170, 135, 136, 137, 138, 139, 145, 147, 151, 155, 160, 156, 150]
[5, 5, 0, 5, 8, 9, 10, 10, 10, 11, 12, 11, 5, 5, 0, '\xe9\x80\x9f\xe5\xba\xa6km/h']
['\xe6\xad\xa5\xe9\xa2\x91step/min', 80, 80, 80, 82, 82, 82, 82, 82, 81, 80, 80]
['\xe6\xad\xa5\xe9\x95\xbfcm', 81, 52, 67, 70, 71, 71, 70, 70, 82, 81, 80]
['\xe6\xb5\xb7\xe6\x8b\x94m', -81, -82, -83, -84, -85, -86, -86, -86, -85, -85, -85, -85, -86, -86]
['\xe5\x8f\xaf\xe4\xbf\xa1\xe5\xba\xa6', 3, 3, 3, 3, 3, 3, 3, 3, 3, 3, 3, 3, 3, 3, 3, 3, 3, 3, 3, 3, 3, 3, 3, 3, 3, 3, 3, 3, 3, 3, 3, 3, 3, 3, 3, 3, 3, 3, 3, 3, 3, 3, 3, 3, 3, 3, 3, 3, 3, 3, 3, 3, 3, 3, 3, 3, 3, 3, 3, 3, 3, 3, 3, 3, 3, 3, 3, 3, 3, 3, 3, 3, 3, 3, 3, 3, 3, 3, 3, 3, 3, 3, 3, 3, 3, 3, 3, 3, 3, 3, 3, 3, 3, 3, 3, 3, 3, 3, 3, 3, 3, 3, 3, 3, 3, 3, 3, 3, 3, 3, 3, 3, 3, 3, 3, 3]
['\xe5\xbf\x83\xe7\x8e\x87', 155, 160, 161, 165, 170, 171, 170, 173, 168, 180, 175, 170, 178, 174, 170, 165, 160, 155, 185, 160, 159, 155, 160, 165, 168, 170, 135, 136, 137]
[5, 5, 5, 5, 5, 5, 5, 5, 5, 5, 5, 5, 5, 5, 0, '\xe9\x80\x9f\xe5\xba\xa6km/h']
2:2017-12-13 18:52:09360s,1km17030kcal170,180
['\xe5\xbf\x83\xe7\x8e\x87', 138, 139, 145, 147, 151, 155, 160, 156, 150, 155, 160, 161, 165, 170, 171, 170, 173, 168, 180, 175, 170, 178, 174, 170, 165, 160, 155, 185, 160]
[5, 0, 5, 8, 9, 10, 10, 10, 11, 12, 11, 5, 5, 5, 0, '\xe9\x80\x9f\xe5\xba\xa6km/h']
['\xe6\xad\xa5\xe9\xa2\x91step/min', 80, 80, 80, 80, 80, 80, 82, 82, 82, 82, 82]
['\xe6\xad\xa5\xe9\x95\xbfcm', 80, 80, 80, 80, 80, 80, 80, 82, 82, 82, 82]
['\xe6\xb5\xb7\xe6\x8b\x94m', -85, -85, -86, -86, -85, -86, -76, -75, -76, -74, -71, -72, -76, -81]
['\xe5\xbf\x83\xe7\x8e\x87', 159, 155, 160, 165, 168, 170, 135, 136, 137, 138, 139, 145, 147, 151, 155, 160, 156, 150, 155, 160, 161, 165, 170, 171, 170, 173, 168, 180, 175]
[5, 5, 5, 5, 5, 5, 5, 5, 5, 5, 5, 5, 5, 5, 0, '\xe9\x80\x9f\xe5\xba\xa6km/h']
['\xe5\xbf\x83\xe7\x8e\x87', 170, 178, 174, 170, 165, 160, 155, 185, 160, 159, 155, 160, 165, 168, 170, 135, 136, 137, 138, 139, 145, 147, 151, 155, 160, 156, 150, 155, 160]
[0, 5, 8, 9, 10, 10, 10, 11, 12, 11, 5, 5, 5, 5, 0, '\xe9\x80\x9f\xe5\xba\xa6km/h']
['\xe6\xad\xa5\xe9\xa2\x91step/min', 81, 0, 0, 56, 57, 57, 55, 54, 56, 57, 57]
['\xe6\xad\xa5\xe9\x95\xbfcm', 82, 81, 80, 80, 80, 80, 80, 80, 80, 80, 82]
['\xe6\xb5\xb7\xe6\x8b\x94m', -85, -86, -61, -76, -81, -82, -83, -84, -85, -86, -86, -86, -85, -85]
['\xe5\x8f\xaf\xe4\xbf\xa1\xe5\xba\xa6', 3, 3, 3, 3, 3, 3, 3, 3, 3, 3, 3, 3, 3, 3, 3, 3, 3, 3, 3, 3, 3, 3, 3, 3, 3, 3, 3, 3, 3, 3, 3, 3, 3, 3, 3, 3, 3, 3, 3, 3, 3, 3, 3, 3, 3, 3, 3, 3, 3, 3, 3, 3, 3, 3, 3, 3, 3, 3, 3, 3, 3, 3, 3, 3, 3, 3, 3, 3, 3, 3, 3, 3, 3, 3, 3, 3, 3, 3, 3, 3, 3, 3, 3, 3, 3, 3, 3, 3, 3, 3, 3, 3, 3, 3, 3, 3, 3, 3, 3, 3, 3, 3, 3, 3, 3, 3, 3, 3, 3, 3, 3, 3, 3, 3, 3, 3]
['\xe5\xbf\x83\xe7\x8e\x87', 161, 165, 170, 171, 170, 173, 168, 180, 175, 170, 178, 174, 170, 165, 160, 155, 185, 160, 159, 155, 160, 165, 168, 170, 135, 136, 137, 138, 139]
[5, 5, 5, 5, 5, 5, 5, 5, 5, 5, 5, 5, 5, 0, 0, '\xe9\x80\x9f\xe5\xba\xa6km/h']
['\xe5\xbf\x83\xe7\x8e\x87', 145, 147, 151, 155, 160, 156, 150, 155, 160, 161, 165, 170, 171, 170, 173, 168, 180, 175, 170, 178, 174, 170, 165, 160, 155, 185, 160, 159, 155]
[5, 8, 9, 10, 10, 10, 11, 12, 11, 5, 5, 5, 5, 5, 0, '\xe9\x80\x9f\xe5\xba\xa6km/h']
['\xe6\xad\xa5\xe9\xa2\x91step/min', 57, 80, 80, 80, 82, 82, 82, 82, 82, 81, 80]
['\xe6\xad\xa5\xe9\x95\xbfcm', 82, 82, 82, 82, 81, 80, 80, 80, 80, 80, 80]
['\xe6\xb5\xb7\xe6\x8b\x94m', -85, -85, -86, -86, -85, -85, -86, -86, -85, -86, -76, -75, -76, -74]
['\xe5\xbf\x83\xe7\x8e\x87', 160, 165, 168, 170, 135, 136, 137, 138, 139, 145, 147, 151, 155, 160, 156, 150, 155, 160, 161, 165, 170, 171, 170, 173, 168, 180, 175, 170, 178]
[5, 5, 5, 5, 5, 5, 5, 5, 5, 5, 5, 5, 0, 5, 0, '\xe9\x80\x9f\xe5\xba\xa6km/h']
['\xe5\xbf\x83\xe7\x8e\x87', 174, 170, 165, 160, 155, 185, 160, 159, 155, 160, 165, 168, 170, 135, 136, 137, 138, 139, 145, 147, 151, 155, 160, 156, 150, 155, 160, 161, 165]
[8, 9, 10, 10, 10, 11, 12, 11, 5, 5, 5, 5, 5, 5, 0, '\xe9\x80\x9f\xe5\xba\xa6km/h']
['\xe6\xad\xa5\xe9\xa2\x91step/min', 80, 80, 80, 80, 80, 80, 80, 82, 82, 82, 82]
['\xe6\xad\xa5\xe9\x95\xbfcm', 80, 80, 82, 82, 82, 82, 82, 81, 80, 80, 80]
['\xe6\xb5\xb7\xe6\x8b\x94m', -71, -72, -76, -81, -85, -86, -61, -76, -81, -82, -83, -84, -85, -86]
['\xe5\x8f\xaf\xe4\xbf\xa1\xe5\xba\xa6', 3, 3, 3, 3, 3, 3, 3, 3, 3, 3, 3, 3, 3, 3, 3, 3, 3, 3, 3, 3, 3, 3, 3, 3, 3, 3, 3, 3, 3, 3, 3, 3, 3, 3, 3, 3, 3, 3, 3, 3, 3, 3, 3, 3, 3, 3, 3, 3, 3, 3, 3, 3, 3, 3, 3, 3, 3, 3, 3, 3, 3, 3, 3, 3, 3, 3, 3, 3, 3, 3, 3, 3, 3, 3, 3, 3, 3, 3, 3, 3, 3, 3, 3, 3, 3, 3, 3, 3, 3, 3, 3, 3, 3, 3, 3, 3, 3, 3, 3, 3, 3, 3, 3, 3, 3, 3, 3, 3, 3, 3, 3, 3, 3, 3, 3, 3]
['\xe5\xbf\x83\xe7\x8e\x87', 170, 171, 170, 173, 168, 180, 175, 170, 178, 174, 170, 165, 160, 155, 185, 160, 159, 155, 160, 165, 168, 170, 135, 136, 137, 138, 139, 145, 147]
[5, 5, 5, 5, 5, 5, 5, 5, 5, 5, 5, 0, 5, 8, 0, '\xe9\x80\x9f\xe5\xba\xa6km/h']
['\xe5\xbf\x83\xe7\x8e\x87', 151, 155, 160, 156, 150, 155, 160, 161, 165, 170, 171, 170, 173, 168, 180, 175, 170, 178, 174, 170, 165, 160, 155, 185, 160, 159, 155, 160, 165]
[9, 10, 10, 10, 11, 12, 11, 5, 5, 5, 5, 5, 5, 5, 0, '\xe9\x80\x9f\xe5\xba\xa6km/h']
['\xe6\xad\xa5\xe9\xa2\x91step/min', 82, 81, 80, 80, 80, 80, 80, 80, 80, 80, 82]
['\xe6\xad\xa5\xe9\x95\xbfcm', 80, 82, 82, 82, 82, 82, 81, 52, 67, 70, 71]
['\xe6\xb5\xb7\xe6\x8b\x94m', -86, -86, -85, -85, -85, -85, -86, -86, -85, -85, -86, -86, -85, -86]
['\xe5\xbf\x83\xe7\x8e\x87', 168, 170, 135, 136, 137, 138, 139, 145, 147, 151, 155, 160, 156, 150, 155, 160, 161, 165, 170, 171, 170, 173, 168, 180, 175, 170, 178, 174, 170]
[5, 5, 5, 5, 5, 5, 5, 5, 5, 5, 0, 5, 8, 9, 0, '\xe9\x80\x9f\xe5\xba\xa6km/h']
['\xe5\xbf\x83\xe7\x8e\x87', 165, 160, 155, 185, 160, 159, 155, 160, 165, 168, 170, 135, 136, 137, 138, 139, 145, 147, 151, 155, 160, 156, 150, 155, 160, 161, 165, 170, 171]
[10, 10, 10, 11, 12, 11, 5, 5, 5, 5, 5, 5, 5, 5, 0, '\xe9\x80\x9f\xe5\xba\xa6km/h']
['\xe6\xad\xa5\xe9\xa2\x91step/min', 82, 82, 82, 82, 81, 0, 0, 56, 57, 57, 55]
['\xe6\xad\xa5\xe9\x95\xbfcm', 71, 70, 70, 82, 81, 80, 80, 80, 80, 80, 80]
['\xe6\xb5\xb7\xe6\x8b\x94m', -76, -75, -76, -74, -71, -72, -76, -81, -85, -86, -61, -76, -81, -82]
['\xe5\x8f\xaf\xe4\xbf\xa1\xe5\xba\xa6', 3, 3, 3, 3, 3, 3, 3, 3, 3, 3, 3, 3, 3, 3, 3, 3, 3, 3, 3, 3, 3, 3, 3, 3, 3, 3, 3, 3, 3, 3, 3, 3, 3, 3, 3, 3, 3, 3, 3, 3, 3, 3, 3, 3, 3, 3, 3, 3, 3, 3, 3, 3, 3, 3, 3, 3, 3, 3, 3, 3, 3, 3, 3, 3, 3, 3, 3, 3, 3, 3, 3, 3, 3, 3, 3, 3, 3, 3, 3, 3, 3, 3, 3, 3, 3, 3, 3, 3, 3, 3, 3, 3, 3, 3, 3, 3, 3, 3, 3, 3, 3, 3, 3, 3, 3, 3, 3, 3, 3, 3, 3, 3, 3, 3, 3, 3]
['\xe5\xbf\x83\xe7\x8e\x87', 170, 173, 168, 180, 175, 170, 178, 174, 170, 165, 160, 155, 185, 160, 159, 155, 160, 165, 168, 170, 135, 136, 137, 138, 139, 145, 147, 151, 155]
[5, 5, 5, 5, 5, 5, 5, 5, 5, 0, 5, 8, 9, 10, 0, '\xe9\x80\x9f\xe5\xba\xa6km/h']
['\xe5\xbf\x83\xe7\x8e\x87', 160, 156, 150, 155, 160, 161, 165, 170, 171, 170, 173, 168, 180, 175, 170, 178, 174, 170, 165, 160, 155, 185, 160, 159, 155, 160, 165, 168, 170]
[10, 10, 11, 12, 11, 5, 5, 5, 5, 5, 5, 5, 5, 5, 0, '\xe9\x80\x9f\xe5\xba\xa6km/h']
['\xe6\xad\xa5\xe9\xa2\x91step/min', 54, 56, 57, 57, 57, 80, 80, 80, 82, 82, 82]
['\xe6\xad\xa5\xe9\x95\xbfcm', 80, 80, 82, 82, 82, 82, 82, 81, 80, 80, 80]
['\xe6\xb5\xb7\xe6\x8b\x94m', -83, -84, -85, -86, -86, -86, -85, -85, -85, -85, -86, -86, -85, -85]
3:2017-12-13 18:58:13360s,1km17030kcal170,180
['\xe5\xbf\x83\xe7\x8e\x87', 135, 136, 137, 138, 139, 145, 147, 151, 155, 160, 156, 150, 155, 160, 161, 165, 170, 171, 170, 173, 168, 180, 175, 170, 178, 174, 170, 165, 160]
[5, 5, 5, 5, 5, 5, 5, 5, 0, 5, 8, 9, 10, 10, 0, '\xe9\x80\x9f\xe5\xba\xa6km/h']
['\xe5\xbf\x83\xe7\x8e\x87', 155, 185, 160, 159, 155, 160, 165, 168, 170, 135, 136, 137, 138, 139, 145, 147, 151, 155, 160, 156, 150, 155, 160, 161, 165, 170, 171, 170, 173]
[10, 11, 12, 11, 5, 5, 5, 5, 5, 5, 5, 5, 5, 5, 0, '\xe9\x80\x9f\xe5\xba\xa6km/h']
['\xe6\xad\xa5\xe9\xa2\x91step/min', 82, 82, 81, 80, 80, 80, 80, 80, 80, 80, 80]
['\xe6\xad\xa5\xe9\x95\xbfcm', 80, 80, 80, 80, 80, 82, 82, 82, 82, 82, 81]
['\xe6\xb5\xb7\xe6\x8b\x94m', -86, -86, -85, -86, -76, -75, -76, -74, -71, -72, -76, -81, -85, -86]
['\xe5\x8f\xaf\xe4\xbf\xa1\xe5\xba\xa6', 3, 3, 3, 3, 3, 3, 3, 3, 3, 3, 3, 3, 3, 3, 3, 3, 3, 3, 3, 3, 3, 3, 3, 3, 3, 3, 3, 3, 3, 3, 3, 3, 3, 3, 3, 3, 3, 3, 3, 3, 3, 3, 3, 3, 3, 3, 3, 3, 3, 3, 3, 3, 3, 3, 3, 3, 3, 3, 3, 3, 3, 3, 3, 3, 3, 3, 3, 3, 3, 3, 3, 3, 3, 3, 3, 3, 3, 3, 3, 3, 3, 3, 3, 3, 3, 3, 3, 3, 3, 3, 3, 3, 3, 3, 3, 3, 3, 3, 3, 3, 3, 3, 3, 3, 3, 3, 3, 3, 3, 3, 3, 3, 3, 3, 3, 3]
['\xe5\xbf\x83\xe7\x8e\x87', 168, 180, 175, 170, 178, 174, 170, 165, 160, 155, 185, 160, 159, 155, 160, 165, 168, 170, 135, 136, 137, 138, 139, 145, 147, 151, 155, 160, 156]
[5, 5, 5, 5, 5, 5, 5, 0, 5, 8, 9, 10, 10, 10, 0, '\xe9\x80\x9f\xe5\xba\xa6km/h']
['\xe5\xbf\x83\xe7\x8e\x87', 150, 155, 160, 161, 165, 170, 171, 170, 173, 168, 180, 175, 170, 178, 174, 170, 165, 160, 155, 185, 160, 159, 155, 160, 165, 168, 170, 135, 136]
[11, 12, 11, 5, 5, 5, 5, 5, 5, 5, 5, 5, 5, 5, 0, '\xe9\x80\x9f\xe5\xba\xa6km/h']
['\xe6\xad\xa5\xe9\xa2\x91step/min', 82, 82, 82, 82, 82, 81, 80, 80, 80, 80, 80]
['\xe6\xad\xa5\xe9\x95\xbfcm', 80, 80, 80, 80, 80, 80, 80, 80, 82, 82, 82]
['\xe6\xb5\xb7\xe6\x8b\x94m', -61, -76, -81, -82, -83, -84, -85, -86, -86, -86, -85, -85, -85, -85]
['\xe5\xbf\x83\xe7\x8e\x87', 137, 138, 139, 145, 147, 151, 155, 160, 156, 150, 155, 160, 161, 165, 170, 171, 170, 173, 168, 180, 175, 170, 178, 174, 170, 165, 160, 155, 185]
[5, 5, 5, 5, 5, 5, 0, 5, 8, 9, 10, 10, 10, 11, 0, '\xe9\x80\x9f\xe5\xba\xa6km/h']
['\xe5\xbf\x83\xe7\x8e\x87', 160, 159, 155, 160, 165, 168, 170, 135, 136, 137, 138, 139, 145, 147, 151, 155, 160, 156, 150, 155, 160, 161, 165, 170, 171, 170, 173, 168, 180]
[12, 11, 5, 5, 5, 5, 5, 5, 5, 5, 5, 5, 5, 5, 0, '\xe9\x80\x9f\xe5\xba\xa6km/h']
['\xe6\xad\xa5\xe9\xa2\x91step/min', 80, 80, 80, 82, 82, 82, 82, 82, 81, 0, 0]
['\xe6\xad\xa5\xe9\x95\xbfcm', 82, 82, 81, 80, 80, 80, 80, 82, 82, 82, 82]
['\xe6\xb5\xb7\xe6\x8b\x94m', -86, -86, -85, -85, -86, -86, -85, -86, -76, -75, -76, -74, -71, -72]
['\xe5\x8f\xaf\xe4\xbf\xa1\xe5\xba\xa6', 3, 3, 3, 3, 3, 3, 3, 3, 3, 3, 3, 3, 3, 3, 3, 3, 3, 3, 3, 3, 3, 3, 3, 3, 3, 3, 3, 3, 3, 3, 3, 3, 3, 3, 3, 3, 3, 3, 3, 3, 3, 3, 3, 3, 3, 3, 3, 3, 3, 3, 3, 3, 3, 3, 3, 3, 3, 3, 3, 3, 3, 3, 3, 3, 3, 3, 3, 3, 3, 3, 3, 3, 3, 3, 3, 3, 3, 3, 3, 3, 3, 3, 3, 3, 3, 3, 3, 3, 3, 3, 3, 3, 3, 3, 3, 3, 3, 3, 3, 3, 3, 3, 3, 3, 3, 3, 3, 3, 3, 3, 3, 3, 3, 3, 3, 3]
['\xe5\xbf\x83\xe7\x8e\x87', 175, 170, 178, 174, 170, 165, 160, 155, 185, 160, 159, 155, 160, 165, 168, 170, 135, 136, 137, 138, 139, 145, 147, 151, 155, 160, 156, 150, 155]
[5, 5, 5, 5, 5, 0, 5, 8, 9, 10, 10, 10, 11, 12, 0, '\xe9\x80\x9f\xe5\xba\xa6km/h']
['\xe5\xbf\x83\xe7\x8e\x87', 160, 161, 165, 170, 171, 170, 173, 168, 180, 175, 170, 178, 174, 170, 165, 160, 155, 185, 160, 159, 155, 160, 165, 168, 170, 135, 136, 137, 138]
[11, 5, 5, 5, 5, 5, 5, 5, 5, 5, 5, 5, 5, 5, 0, '\xe9\x80\x9f\xe5\xba\xa6km/h']
['\xe6\xad\xa5\xe9\xa2\x91step/min', 56, 57, 57, 55, 54, 56, 57, 57, 57, 80, 80]
['\xe6\xad\xa5\xe9\x95\xbfcm', 82, 81, 52, 67, 70, 71, 71, 70, 70, 82, 81]
['\xe6\xb5\xb7\xe6\x8b\x94m', -76, -81, -85, -86, -61, -76, -81, -82, -83, -84, -85, -86, -86, -86]
['\xe5\xbf\x83\xe7\x8e\x87', 139, 145, 147, 151, 155, 160, 156, 150, 155, 160, 161, 165, 170, 171, 170, 173, 168, 180, 175, 170, 178, 174, 170, 165, 160, 155, 185, 160, 159]
[5, 5, 5, 5, 0, 5, 8, 9, 10, 10, 10, 11, 12, 11, 0, '\xe9\x80\x9f\xe5\xba\xa6km/h']
['\xe5\xbf\x83\xe7\x8e\x87', 155, 160, 165, 168, 170, 135, 136, 137, 138, 139, 145, 147, 151, 155, 160, 156, 150, 155, 160, 161, 165, 170, 171, 170, 173, 168, 180, 175, 170]
[5, 5, 5, 5, 5, 5, 5, 5, 5, 5, 5, 5, 5, 5, 0, '\xe9\x80\x9f\xe5\xba\xa6km/h']
['\xe6\xad\xa5\xe9\xa2\x91step/min', 80, 82, 82, 82, 82, 82, 81, 80, 80, 80, 80]
['\xe6\xad\xa5\xe9\x95\xbfcm', 80, 80, 80, 80, 80, 80, 80, 80, 82, 82, 82]
['\xe6\xb5\xb7\xe6\x8b\x94m', -85, -85, -85, -85, -86, -86, -85, -85, -86, -86, -85, -86, -76, -75]
['\xe5\x8f\xaf\xe4\xbf\xa1\xe5\xba\xa6', 3, 3, 3, 3, 3, 3, 3, 3, 3, 3, 3, 3, 3, 3, 3, 3, 3, 3, 3, 3, 3, 3, 3, 3, 3, 3, 3, 3, 3, 3, 3, 3, 3, 3, 3, 3, 3, 3, 3, 3, 3, 3, 3, 3, 3, 3, 3, 3, 3, 3, 3, 3, 3, 3, 3, 3, 3, 3, 3, 3, 3, 3, 3, 3, 3, 3, 3, 3, 3, 3, 3, 3, 3, 3, 3, 3, 3, 3, 3, 3, 3, 3, 3, 3, 3, 3, 3, 3, 3, 3, 3, 3, 3, 3, 3, 3, 3, 3, 3, 3, 3, 3, 3, 3, 3, 3, 3, 3, 3, 3, 3, 3, 3, 3, 3, 3]
['\xe5\xbf\x83\xe7\x8e\x87', 178, 174, 170, 165, 160, 155, 185, 160, 159, 155, 160, 165, 168, 170, 135, 136, 137, 138, 139, 145, 147, 151, 155, 160, 156, 150, 155, 160, 161]
[5, 5, 5, 0, 5, 8, 9, 10, 10, 10, 11, 12, 11, 5, 0, '\xe9\x80\x9f\xe5\xba\xa6km/h']
['\xe5\xbf\x83\xe7\x8e\x87', 165, 170, 171, 170, 173, 168, 180, 175, 170, 178, 174, 170, 165, 160, 155, 185, 160, 159, 155, 160, 165, 168, 170, 135, 136, 137, 138, 139, 145]
[5, 5, 5, 5, 5, 5, 5, 5, 5, 5, 5, 5, 5, 5, 0, '\xe9\x80\x9f\xe5\xba\xa6km/h']
['\xe6\xad\xa5\xe9\xa2\x91step/min', 80, 80, 80, 80, 82, 82, 82, 82, 82, 81, 80]
['\xe6\xad\xa5\xe9\x95\xbfcm', 82, 82, 81, 80, 80, 80, 80, 80, 80, 80, 80]
['\xe6\xb5\xb7\xe6\x8b\x94m', -76, -74, -71, -72, -76, -81, -85, -86, -61, -76, -81, -82, -83, -84]
['\xe5\xbf\x83\xe7\x8e\x87', 147, 151, 155, 160, 156, 150, 155, 160, 161, 165, 170, 171, 170, 173, 168, 180, 175, 170, 178, 174, 170, 165, 160, 155, 185, 160, 159, 155, 160]
[5, 5, 0, 5, 8, 9, 10, 10, 10, 11, 12, 11, 5, 5, 0, '\xe9\x80\x9f\xe5\xba\xa6km/h']
4:2017-12-13 19:04:10360s,1km17030kcal170,180
['\xe5\xbf\x83\xe7\x8e\x87', 165, 168, 170, 135, 136, 137, 138, 139, 145, 147, 151, 155, 160, 156, 150, 155, 160, 161, 165, 170, 171, 170, 173, 168, 180, 175, 170, 178, 174]
[5, 5, 5, 5, 5, 5, 5, 5, 5, 5, 5, 5, 5, 5, 0, '\xe9\x80\x9f\xe5\xba\xa6km/h']
['\xe6\xad\xa5\xe9\xa2\x91step/min', 80, 80, 80, 80, 80, 80, 80, 82, 82, 82, 82]
['\xe6\xad\xa5\xe9\x95\xbfcm', 82, 82, 82, 82, 82, 81, 80, 80, 80, 80, 80]
['\xe6\xb5\xb7\xe6\x8b\x94m', -85, -86, -86, -86, -85, -85, -85, -85, -86, -86, -85, -85, -86, -86]
['\xe5\x8f\xaf\xe4\xbf\xa1\xe5\xba\xa6', 3, 3, 3, 3, 3, 3, 3, 3, 3, 3, 3, 3, 3, 3, 3, 3, 3, 3, 3, 3, 3, 3, 3, 3, 3, 3, 3, 3, 3, 3, 3, 3, 3, 3, 3, 3, 3, 3, 3, 3, 3, 3, 3, 3, 3, 3, 3, 3, 3, 3, 3, 3, 3, 3, 3, 3, 3, 3, 3, 3, 3, 3, 3, 3, 3, 3, 3, 3, 3, 3, 3, 3, 3, 3, 3, 3, 3, 3, 3, 3, 3, 3, 3, 3, 3, 3, 3, 3, 3, 3, 3, 3, 3, 3, 3, 3, 3, 3, 3, 3, 3, 3, 3, 3, 3, 3, 3, 3, 3, 3, 3, 3, 3, 3, 3, 3]
['\xe5\xbf\x83\xe7\x8e\x87', 170, 165, 160, 155, 185, 160, 159, 155, 160, 165, 168, 170, 135, 136, 137, 138, 139, 145, 147, 151, 155, 160, 156, 150, 155, 160, 161, 165, 170]
[5, 0, 5, 8, 9, 10, 10, 10, 11, 12, 11, 5, 5, 5, 0, '\xe9\x80\x9f\xe5\xba\xa6km/h']
['\xe5\xbf\x83\xe7\x8e\x87', 171, 170, 173, 168, 180, 175, 170, 178, 174, 170, 165, 160, 155, 185, 160, 159, 155, 160, 165, 168, 170, 135, 136, 137, 138, 139, 145, 147, 151]
[5, 5, 5, 5, 5, 5, 5, 5, 5, 5, 5, 5, 5, 5, 0, '\xe9\x80\x9f\xe5\xba\xa6km/h']
['\xe6\xad\xa5\xe9\xa2\x91step/min', 82, 81, 0, 0, 56, 57, 57, 55, 54, 56, 57]
['\xe6\xad\xa5\xe9\x95\xbfcm', 80, 80, 80, 82, 82, 82, 82, 82, 81, 80, 80]
['\xe6\xb5\xb7\xe6\x8b\x94m', -85, -86, -76, -75, -76, -74, -71, -72, -76, -81, -85, -86, -61, -76]
['\xe5\xbf\x83\xe7\x8e\x87', 155, 160, 156, 150, 155, 160, 161, 165, 170, 171, 170, 173, 168, 180, 175, 170, 178, 174, 170, 165, 160, 155, 185, 160, 159, 155, 160, 165, 168]
[0, 5, 8, 9, 10, 10, 10, 11, 12, 11, 5, 5, 5, 5, 0, '\xe9\x80\x9f\xe5\xba\xa6km/h']
['\xe5\xbf\x83\xe7\x8e\x87', 170, 135, 136, 137, 138, 139, 145, 147, 151, 155, 160, 156, 150, 155, 160, 161, 165, 170, 171, 170, 173, 168, 180, 175, 170, 178, 174, 170, 165]
[5, 5, 5, 5, 5, 5, 5, 5, 5, 5, 5, 5, 5, 0, 0, '\xe9\x80\x9f\xe5\xba\xa6km/h']
['\xe6\xad\xa5\xe9\xa2\x91step/min', 57, 57, 80, 80, 80, 82, 82, 82, 82, 82, 81]
['\xe6\xad\xa5\xe9\x95\xbfcm', 80, 80, 82, 82, 82, 82, 82, 81, 52, 67, 70]
['\xe6\xb5\xb7\xe6\x8b\x94m', -81, -82, -83, -84, -85, -86, -86, -86, -85, -85, -85, -85, -86, -86]
['\xe5\x8f\xaf\xe4\xbf\xa1\xe5\xba\xa6', 3, 3, 3, 3, 3, 3, 3, 3, 3, 3, 3, 3, 3, 3, 3, 3, 3, 3, 3, 3, 3, 3, 3, 3, 3, 3, 3, 3, 3, 3, 3, 3, 3, 3, 3, 3, 3, 3, 3, 3, 3, 3, 3, 3, 3, 3, 3, 3, 3, 3, 3, 3, 3, 3, 3, 3, 3, 3, 3, 3, 3, 3, 3, 3, 3, 3, 3, 3, 3, 3, 3, 3, 3, 3, 3, 3, 3, 3, 3, 3, 3, 3, 3, 3, 3, 3, 3, 3, 3, 3, 3, 3, 3, 3, 3, 3, 3, 3, 3, 3, 3, 3, 3, 3, 3, 3, 3, 3, 3, 3, 3, 3, 3, 3, 3, 3]
['\xe5\xbf\x83\xe7\x8e\x87', 160, 155, 185, 160, 159, 155, 160, 165, 168, 170, 135, 136, 137, 138, 139, 145, 147, 151, 155, 160, 156, 150, 155, 160, 161, 165, 170, 171, 170]
[5, 8, 9, 10, 10, 10, 11, 12, 11, 5, 5, 5, 5, 5, 0, '\xe9\x80\x9f\xe5\xba\xa6km/h']
['\xe5\xbf\x83\xe7\x8e\x87', 173, 168, 180, 175, 170, 178, 174, 170, 165, 160, 155, 185, 160, 159, 155, 160, 165, 168, 170, 135, 136, 137, 138, 139, 145, 147, 151, 155, 160]
[5, 5, 5, 5, 5, 5, 5, 5, 5, 5, 5, 5, 0, 5, 0, '\xe9\x80\x9f\xe5\xba\xa6km/h']
['\xe6\xad\xa5\xe9\xa2\x91step/min', 80, 80, 80, 80, 80, 80, 80, 80, 82, 82, 82]
['\xe6\xad\xa5\xe9\x95\xbfcm', 71, 71, 70, 70, 82, 81, 80, 80, 80, 80, 80]
['\xe6\xb5\xb7\xe6\x8b\x94m', -85, -85, -86, -86, -85, -86, -76, -75, -76, -74, -71, -72, -76, -81]
['\xe5\xbf\x83\xe7\x8e\x87', 156, 150, 155, 160, 161, 165, 170, 171, 170, 173, 168, 180, 175, 170, 178, 174, 170, 165, 160, 155, 185, 160, 159, 155, 160, 165, 168, 170, 135]
[8, 9, 10, 10, 10, 11, 12, 11, 5, 5, 5, 5, 5, 5, 0, '\xe9\x80\x9f\xe5\xba\xa6km/h']
['\xe5\xbf\x83\xe7\x8e\x87', 136, 137, 138, 139, 145, 147, 151, 155, 160, 156, 150, 155, 160, 161, 165, 170, 171, 170, 173, 168, 180, 175, 170, 178, 174, 170, 165, 160, 155]
[5, 5, 5, 5, 5, 5, 5, 5, 5, 5, 5, 0, 5, 8, 0, '\xe9\x80\x9f\xe5\xba\xa6km/h']
['\xe6\xad\xa5\xe9\xa2\x91step/min', 82, 82, 81, 80, 80, 80, 80, 80, 80, 80, 80]
['\xe6\xad\xa5\xe9\x95\xbfcm', 80, 80, 80, 82, 82, 82, 82, 82, 81, 80, 80]
['\xe6\xb5\xb7\xe6\x8b\x94m', -85, -86, -61, -76, -81, -82, -83, -84, -85, -86, -86, -86, -85, -85]
['\xe5\x8f\xaf\xe4\xbf\xa1\xe5\xba\xa6', 3, 3, 3, 3, 3, 3, 3, 3, 3, 3, 3, 3, 3, 3, 3, 3, 3, 3, 3, 3, 3, 3, 3, 3, 3, 3, 3, 3, 3, 3, 3, 3, 3, 3, 3, 3, 3, 3, 3, 3, 3, 3, 3, 3, 3, 3, 3, 3, 3, 3, 3, 3, 3, 3, 3, 3, 3, 3, 3, 3, 3, 3, 3, 3, 3, 3, 3, 3, 3, 3, 3, 3, 3, 3, 3, 3, 3, 3, 3, 3, 3, 3, 3, 3, 3, 3, 3, 3, 3, 3, 3, 3, 3, 3, 3, 3, 3, 3, 3, 3, 3, 3, 3, 3, 3, 3, 3, 3, 3, 3, 3, 3, 3, 3, 3, 3]
['\xe5\xbf\x83\xe7\x8e\x87', 185, 160, 159, 155, 160, 165, 168, 170, 135, 136, 137, 138, 139, 145, 147, 151, 155, 160, 156, 150, 155, 160, 161, 165, 170, 171, 170, 173, 168]
[9, 10, 10, 10, 11, 12, 11, 5, 5, 5, 5, 5, 5, 5, 0, '\xe9\x80\x9f\xe5\xba\xa6km/h']
['\xe5\xbf\x83\xe7\x8e\x87', 180, 175, 170, 178, 174, 170, 165, 160, 155, 185, 160, 159, 155, 160, 165, 168, 170, 135, 136, 137, 138, 139, 145, 147, 151, 155, 160, 156, 150]
[5, 5, 5, 5, 5, 5, 5, 5, 5, 5, 0, 5, 8, 9, 0, '\xe9\x80\x9f\xe5\xba\xa6km/h']
['\xe6\xad\xa5\xe9\xa2\x91step/min', 82, 82, 82, 82, 82, 81, 0, 0, 56, 57, 57]
['\xe6\xad\xa5\xe9\x95\xbfcm', 80, 80, 80, 80, 80, 80, 82, 82, 82, 82, 82]
['\xe6\xb5\xb7\xe6\x8b\x94m', -85, -85, -86, -86, -85, -85, -86, -86, -85, -86, -76, -75, -76, -74]
['\xe5\xbf\x83\xe7\x8e\x87', 155, 160, 161, 165, 170, 171, 170, 173, 168, 180, 175, 170, 178, 174, 170, 165, 160, 155, 185, 160, 159, 155, 160, 165, 168, 170, 135, 136, 137]
[10, 10, 10, 11, 12, 11, 5, 5, 5, 5, 5, 5, 5, 5, 0, '\xe9\x80\x9f\xe5\xba\xa6km/h']
['\xe5\xbf\x83\xe7\x8e\x87', 138, 139, 145, 147, 151, 155, 160, 156, 150, 155, 160, 161, 165, 170, 171, 170, 173, 168, 180, 175, 170, 178, 174, 170, 165, 160, 155, 185, 160]
[5, 5, 5, 5, 5, 5, 5, 5, 5, 0, 5, 8, 9, 10, 0, '\xe9\x80\x9f\xe5\xba\xa6km/h']
['\xe6\xad\xa5\xe9\xa2\x91step/min', 55, 54, 56, 57, 57, 57, 80, 80, 80, 82, 82]
['\xe6\xad\xa5\xe9\x95\xbfcm', 81, 80, 80, 80, 80, 80, 80, 80, 80, 82, 82]
['\xe6\xb5\xb7\xe6\x8b\x94m', -71, -72, -76, -81, -85, -86, -61, -76, -81, -82, -83, -84, -85, -86]
['\xe5\x8f\xaf\xe4\xbf\xa1\xe5\xba\xa6', 3, 3, 3, 3, 3, 3, 3, 3, 3, 3, 3, 3, 3, 3, 3, 3, 3, 3, 3, 3, 3, 3, 3, 3, 3, 3, 3, 3, 3, 3, 3, 3, 3, 3, 3, 3, 3, 3, 3, 3, 3, 3, 3, 3, 3, 3, 3, 3, 3, 3, 3, 3, 3, 3, 3, 3, 3, 3, 3, 3, 3, 3, 3, 3, 3, 3, 3, 3, 3, 3, 3, 3, 3, 3, 3, 3, 3, 3, 3, 3, 3, 3, 3, 3, 3, 3, 3, 3, 3, 3, 3, 3, 3, 3, 3, 3, 3, 3, 3, 3, 3, 3, 3, 3, 3, 3, 3, 3, 3, 3, 3, 3, 3, 3, 3, 3]
5:2017-12-13 19:10:07360s,1km17030kcal170,180
['\xe6\x80\xbb\xe8\xb7\x9d\xe7\xa6\xbb:5km\xef\xbc\x8c\xe8\xbf\x90\xe5\x8a\xa8\xe7\x94\xa8\xe6\x97\xb6\xef\xbc\x9a1800s,\xe5\x9c\x88\xe6\x95\xb0\xef\xbc\x9a5\xef\xbc\x8c\xe5\x8d\xa1\xe8\xb7\xaf\xe9\x87\x8c\xef\xbc\x9a30kcal\xef\xbc\x8c\xe5\xb9\xb3\xe5\x9d\x87\xe5\xbf\x83\xe7\x8e\x87\xef\xbc\x9a130\xef\xbc\x8c\xe6\x9c\x80\xe5\xa4\xa7\xe6\x91\x84\xe6\xb0\xa7\xe9\x87\x8f\xef\xbc\x9a180\xef\xbc\x8c\xe5\xb9\xb3\xe5\x9d\x87\xe6\xad\xa5\xe9\xa2\x91\xef\xbc\x9a180\xef\xbc\x8c\xe6\x80\xbb\xe6\xad\xa5\xe6\x95\xb0\xef\xbc\x9a500\xef\xbc\x8c\xe6\x80\xbb\xe4\xb8\x8a\xe5\x8d\x87\xe9\xab\x98\xe5\xba\xa6\xef\xbc\x9a10m\xef\xbc\x8c\xe6\x80\xbb\xe4\xb8\x8b\xe9\x99\x8d\xe9\xab\x98\xe5\xba\xa6\xef\xbc\x9a10m']
['\xe5\xb9\xb3\xe5\x9d\x87\xe6\xad\xa5\xe9\x95\xbfcm:80,\xe6\x9c\x80\xe5\xa4\xa7\xe6\xad\xa5\xe9\xa2\x91:180,\xe6\x9c\x80\xe5\xa4\xa7\xe5\xbf\x83\xe7\x8e\x87:170,\xe6\x9c\x80\xe5\xb0\x8f\xe5\xbf\x83\xe7\x8e\x87:120,\xe6\x9c\x80\xe5\xa4\xa7\xe9\x85\x8d\xe9\x80\x9f:1min0s,\xe5\xb9\xb3\xe5\x9d\x87\xe9\x85\x8d\xe9\x80\x9f:1min30s']
['\xe8\xbf\x90\xe5\x8a\xa8\xe7\xb1\xbb\xe5\x9e\x8b:\xe6\x88\xb7\xe5\xa4\x96\xe8\xb7\x91\xe6\xad\xa5 ,\xe8\xbf\x90\xe5\x8a\xa8\xe7\xbb\x93\xe6\x9d\x9f\xe6\x97\xb6\xe9\x97\xb4:2017-12-13 19:10:07 ,\xe6\x98\xaf\xe5\x90\xa6\xe4\xbf\x9d\xe5\xad\x98:\xe4\xbf\x9d\xe5\xad\x98 ']

