113.775671,23.020932,40
113.775689,23.02092,40
113.775718,23.020909,40
113.775738,23.020904,40
113.775766,23.020903,40
113.77579,23.020891,40
113.775812,23.020878,40
113.775833,23.020862,40
113.775851,23.020844,40
113.775866,23.020828,40
113.775882,23.020806,40
113.775894,23.020784,40
113.775911,23.020764,40
113.775926,23.020741,40
113.775946,23.020721,40
113.775964,23.020699,40
113.775977,23.02068,40
113.775994,23.020656,40
113.776012,23.02064,40
113.776029,23.020628,40
113.77605,23.020621,40
113.776073,23.020614,40
113.776091,23.020603,40
113.776104,23.02059,40
113.776128,23.02056,40
113.776149,23.020543,40
113.776165,23.020528,40
113.7762,23.020502,40
113.776225,23.020487,40
113.77625,23.02048,40
113.776276,23.02047,40
113.776302,23.020461,40
113.776329,23.020452,40
113.776352,23.020446,40
113.776377,23.020439,40
113.776402,23.020436,40
113.776422,23.020432,40
113.776449,23.020428,40
113.776473,23.020427,40
113.776499,23.020427,40
113.776524,23.020426,40
113.776554,23.020427,40
113.776589,23.020429,40
113.776623,23.020431,40
113.776654,23.020431,40
113.776677,23.020432,40
113.776702,23.020431,40
113.776727,23.020424,40
113.776757,23.020418,40
113.776782,23.020412,40
113.776807,23.020404,40
113.77683,23.020396,40
113.776854,23.020392,40
113.77688,23.020384,40
113.776899,23.020374,40
113.77692,23.020366,40
113.77694,23.020361,40
113.776963,23.020358,40
113.776986,23.020355,40
113.777009,23.020354,40
113.777031,23.020351,40
113.777053,23.020349,40
113.777078,23.020346,40
113.7771,23.020338,40
113.777124,23.020331,40
113.777147,23.020324,40
113.777172,23.020318,40
113.777193,23.020311,40
113.777215,23.020301,40
113.777234,23.02029,40
113.777258,23.020279,40
113.777274,23.020268,50
113.777293,23.020252,50
113.777324,23.020231,50
113.777349,23.020213,50
113.777361,23.020198,50
113.777376,23.020183,50
113.77739,23.020169,50
113.777405,23.020156,50
113.777424,23.020145,50
113.777441,23.020134,50
113.777461,23.020124,50
113.777477,23.020113,50
113.777504,23.020102,50
113.777524,23.020084,50
113.777547,23.020061,50
113.777562,23.020048,50
113.77758,23.020036,50
113.777601,23.020025,50
113.777616,23.020011,50
113.777633,23.020002,50
113.777653,23.019991,50
113.777672,23.019977,50
113.777693,23.019961,50
113.777708,23.019947,50
113.777727,23.01993,50
113.777745,23.019915,50
113.777767,23.019904,50
113.777795,23.019892,50
113.777815,23.01988,50
113.777836,23.019868,50
113.77785,23.019855,50
113.777869,23.019846,50
113.777889,23.01984,50
113.77791,23.019832,50
113.777931,23.01982,50
113.777954,23.019812,50
113.777976,23.019797,50
113.777995,23.019781,50
113.778015,23.019768,50
113.778033,23.019749,50
113.778049,23.019733,50
113.778064,23.019714,50
113.77808,23.019695,50
113.778095,23.019675,50
113.778112,23.019653,50
113.778126,23.019631,50
113.778141,23.019611,50
113.778157,23.019593,50
113.778175,23.019578,50
113.778194,23.019566,50
113.778216,23.019548,50
113.778236,23.019532,50
113.778254,23.019509,50
113.778273,23.019484,50
113.77829,23.019463,50
113.778308,23.019441,60
113.778325,23.01942,60
113.778341,23.019396,60
113.778353,23.019374,60
113.778365,23.019349,60
113.778373,23.019326,60
113.77838,23.019299,60
113.778376,23.019278,60
113.778368,23.019256,60
113.77836,23.019233,60
113.778356,23.019214,60
113.778354,23.019168,60
113.778348,23.019144,60
113.778342,23.01912,60
113.77834,23.019096,60
113.778334,23.019068,60
113.77833,23.019043,60
113.778329,23.01901,60
113.77832,23.018982,60
113.778315,23.01895,60
113.778308,23.018917,60
113.778296,23.018885,60
113.778283,23.018857,60
113.778278,23.018835,60
113.778273,23.018809,60
113.77827,23.018787,60
113.77827,23.018766,60
113.77827,23.018739,60
113.778263,23.018706,60
113.77826,23.018676,60
113.778257,23.018649,60
113.778258,23.018628,60
113.778258,23.018605,60
113.778255,23.018584,60
113.778251,23.018565,60
113.778246,23.01854,60
113.778238,23.018518,60
113.778245,23.0185,60
113.77825,23.018479,60
113.778212,23.018382,60
113.778202,23.018254,50
113.7782,23.01816,50
113.778161,23.018069,50
113.778133,23.017982,50
113.778059,23.017911,50
113.778021,23.017791,50
113.778046,23.017686,50
113.778084,23.01758,50
113.778136,23.017495,50
113.778164,23.017475,50
113.778183,23.017467,50
113.778272,23.017418,50
113.778308,23.017399,50
113.778346,23.017382,50
113.778379,23.017365,40
113.778412,23.017349,40
113.778432,23.017339,40
113.778465,23.017328,40
113.778482,23.017318,40
113.778509,23.01731,40
113.778535,23.017301,40
113.778563,23.017283,40
113.778579,23.017271,40
113.778598,23.017258,40
113.778629,23.017235,40
113.778645,23.017223,40
113.778674,23.017204,40
113.778691,23.017192,40
113.778707,23.01718,50
113.778721,23.017162,50
113.778736,23.017148,50
113.778767,23.017122,50
113.778787,23.017108,50
113.778806,23.017097,50
113.778828,23.017086,50
113.778863,23.017074,40
113.778884,23.01706,40
113.778904,23.017046,40
113.778925,23.017032,40
113.778954,23.017008,50
113.778974,23.016989,50
113.778996,23.016969,50
113.779019,23.016951,50
113.779039,23.016935,50
113.779059,23.016916,50
113.779079,23.016898,50
113.7791,23.016883,50
113.779123,23.016868,50
113.779144,23.016848,50
113.779166,23.016831,50
113.779192,23.01681,50
113.779213,23.016792,50
113.779232,23.016774,50
113.779258,23.016756,50
113.779282,23.01674,40
113.779305,23.016724,40
113.779329,23.016707,40
113.779352,23.016692,40
113.779374,23.016673,40
113.779395,23.016655,40
113.779413,23.016641,40
113.779432,23.016624,40
113.779452,23.016606,40
113.77947,23.016594,40
113.779484,23.016576,40
113.779493,23.016557,40
113.779509,23.016542,40
113.779525,23.016525,40
113.77954,23.016508,40
113.779553,23.01649,40
113.779569,23.016465,40
113.779584,23.016446,40
113.779619,23.016413,40
113.779635,23.016394,40
113.77965,23.01638,40
113.779669,23.016359,40
113.779688,23.016341,40
113.779707,23.016318,40
113.779727,23.016296,40
113.779744,23.016277,40
113.779759,23.016259,40
113.779783,23.016253,40
113.779818,23.016242,40
113.779836,23.016232,40
113.779868,23.016219,40
113.779888,23.016215,40
113.779909,23.016212,40
113.779947,23.016202,40
113.779987,23.016191,40
113.780013,23.016185,40
113.780034,23.016181,40
113.780059,23.016175,40
113.780084,23.016166,40
113.780108,23.01616,40
113.780137,23.016155,40
113.78026,23.016123,40
113.780413,23.016122,40
113.780544,23.016133,40
113.780656,23.016131,40
113.780768,23.016121,40
113.780868,23.016174,40
113.780968,23.016212,40
113.78105,23.016267,30
113.781232,23.01628,30
113.781345,23.016352,30
113.781454,23.016277,30
113.781574,23.016256,30
113.781669,23.016196,30
113.781748,23.016136,30
113.781805,23.016049,30
113.781821,23.015934,30
113.78183,23.015826,30
113.78183,23.015731,40
113.781806,23.015548,40
113.781828,23.015458,40
113.781852,23.015358,40
113.781883,23.015301,40
113.781935,23.015226,40
113.781969,23.015166,40
113.782042,23.0151,40
113.782195,23.015038,40
113.782353,23.014989,40
113.782462,23.015022,40
113.782563,23.015088,40
113.782646,23.015144,40
113.782748,23.015275,30
113.782797,23.015353,30
113.782856,23.015442,30
113.782879,23.015484,30
113.78291,23.015539,30
113.782935,23.015579,30
113.78299,23.015668,30
113.783002,23.015685,30
113.783015,23.015703,30
113.783043,23.015736,30
113.783081,23.015772,30
113.783113,23.015775,30
113.783143,23.015779,30
113.783163,23.015772,30
113.783183,23.015771,30
113.783202,23.015766,30
113.783235,23.015756,30
113.783255,23.015751,30
113.783296,23.015751,30
113.783316,23.015751,30
113.783374,23.015742,40
113.783405,23.015747,40
113.783435,23.015747,40
113.783465,23.015744,40
113.783502,23.015744,40
113.783565,23.015737,40
113.783585,23.015731,40
113.78364,23.015711,40
113.783679,23.015692,40
113.783705,23.015682,40
113.783744,23.01566,40
113.783775,23.015643,40
113.783808,23.015623,40
113.783832,23.015612,40
113.783853,23.015603,40
113.783875,23.015595,40
113.783894,23.015589,40
113.783936,23.015574,40
113.783956,23.01557,40
113.783982,23.015564,40
113.784003,23.015561,40
113.78403,23.015558,40
113.784067,23.015549,40
113.784086,23.015544,40
113.784111,23.015539,40
113.784134,23.015534,40
113.784182,23.015524,40
113.784204,23.015517,40
113.784228,23.015507,40
113.784252,23.015502,40
113.784288,23.015488,40
113.784307,23.01548,40
113.784343,23.015471,40
113.784376,23.015468,40
113.784427,23.015494,40
113.784441,23.015506,40
113.784457,23.015521,40
113.784471,23.015537,40
113.784484,23.015553,40
113.784498,23.015571,40
113.784523,23.015594,40
113.784551,23.015616,40
113.784565,23.015632,40
113.78459,23.015659,40
113.784606,23.015677,40
113.784621,23.01569,40
113.784642,23.015707,40
113.784661,23.015723,40
113.784678,23.015744,30
113.784698,23.015765,30
113.784713,23.015779,30
113.784731,23.015796,30
113.784761,23.015808,30
113.784785,23.015817,30
113.784812,23.015828,30
113.784844,23.015838,30
113.784875,23.015849,30
113.784909,23.015856,30
113.78494,23.015861,30
113.784971,23.015862,30
113.785004,23.015863,40
113.785032,23.015863,40
113.785063,23.015858,40
113.785094,23.015855,40
113.78512,23.015853,40
113.785158,23.01584,40
113.785188,23.015836,40
113.785219,23.015828,40
113.785247,23.015819,40
113.785276,23.015813,40
113.785308,23.015803,40
113.785337,23.015798,40
113.785364,23.015789,40
113.785394,23.015779,40
113.785421,23.015773,40
113.785449,23.015764,40
113.785476,23.015759,40
113.785502,23.01575,40
113.785529,23.01574,40
113.785554,23.015734,40
113.785581,23.015725,40
113.785606,23.015721,40
113.785629,23.015715,40
113.785656,23.015712,40
113.78568,23.015713,40
113.785706,23.015709,40
113.785728,23.015705,40
113.785749,23.015701,40
113.785776,23.015698,40
113.785801,23.015697,40
113.785828,23.015694,40
113.785852,23.015692,40
113.785888,23.0157,40
113.785917,23.015711,40
113.785935,23.01572,40
113.78595,23.015732,40
113.78597,23.015747,40
113.785988,23.015761,40
113.786008,23.015778,40
113.786028,23.015796,40
113.786045,23.015815,40
113.786066,23.015837,40
113.786083,23.015856,40
113.786103,23.015873,40
113.786122,23.015889,40
113.786138,23.015908,40
113.786158,23.015929,40
113.786176,23.015945,40
113.786196,23.015962,40
113.786217,23.015979,40
113.786234,23.015996,40
113.786253,23.016014,40
113.786279,23.016035,40
113.786294,23.016046,40
113.78631,23.016058,40
113.786334,23.016072,40
113.786354,23.016083,40
113.786378,23.016096,40
113.786401,23.016107,40
113.786421,23.01612,40
113.786444,23.016133,40
113.786467,23.016144,40
113.78649,23.016158,40
113.786515,23.01617,40
113.786536,23.016183,40
113.786564,23.016196,40
113.786584,23.016209,40
113.786612,23.01622,40
113.786636,23.016229,40
113.786663,23.016237,40
113.786689,23.016244,40
113.786717,23.016246,40
113.786742,23.016247,40
113.78677,23.016245,40
113.786798,23.016241,40
113.786823,23.016238,40
113.786852,23.016237,40
113.786876,23.016238,40
113.786903,23.016238,40
113.786925,23.016238,40
113.786946,23.016238,40
113.786967,23.016237,40
113.78699,23.016239,40
113.787015,23.016244,40
113.787035,23.016246,40
113.787058,23.016247,40
113.787102,23.016245,40
113.787131,23.016245,40
113.787156,23.016245,40
113.787184,23.016238,40
113.787209,23.016236,40
113.787231,23.016233,40
113.787255,23.01623,40
113.787276,23.016232,40
113.787304,23.016228,40
113.787327,23.016225,40
113.787352,23.016223,40
113.787379,23.016217,50
113.787402,23.016214,50
113.787426,23.016209,50
113.787449,23.016205,50
113.787472,23.016202,50
113.787498,23.016198,50
113.787522,23.016197,50
113.787545,23.016192,50
113.787566,23.016183,50
113.787585,23.016176,50
113.787605,23.016166,50
113.787625,23.016162,50
113.78765,23.01615,50
113.787676,23.016141,50
113.787698,23.016142,50
113.787721,23.016134,50
113.787747,23.016128,50
113.787771,23.016124,50
113.787799,23.016118,50
113.787822,23.016114,50
113.787844,23.016114,50
113.787864,23.016108,50
113.787903,23.016104,50
113.787941,23.01609,50
113.787958,23.016078,50
113.787976,23.016068,50
113.787991,23.01605,50
113.788014,23.016036,50
113.788024,23.016017,50
113.788043,23.015992,50
113.788052,23.015975,50
113.78807,23.015938,50
113.788074,23.015908,50
113.788066,23.015886,50
113.788179,23.015847,50
113.788247,23.015759,50
113.788464,23.015704,40
113.788592,23.0157,40
113.78871,23.015719,40
113.788827,23.015735,40
113.788931,23.015748,30
113.789049,23.015769,30
113.789163,23.015779,30
113.789272,23.015766,30
113.789381,23.015738,30
113.789482,23.015683,40
113.789548,23.015659,40
113.789588,23.015651,40
113.789625,23.015637,40
113.789645,23.015627,40
113.789663,23.015619,40
113.789689,23.015608,40
113.789708,23.015599,40
113.789734,23.015588,40
113.789757,23.015578,40
113.789781,23.015568,40
113.789808,23.015557,40
113.789828,23.015548,40
113.789848,23.015535,40
113.789882,23.015506,40
113.789905,23.015495,40
113.789924,23.015481,40
113.78996,23.015449,40
113.789977,23.015428,40
113.790016,23.015396,40
113.790043,23.01538,40
113.790099,23.015335,40
113.79014,23.01529,50
113.790168,23.015249,50
113.790184,23.015226,50
113.7902,23.01521,50
113.790217,23.015184,50
113.790234,23.015163,50
113.790268,23.01513,50
113.790285,23.015119,50
113.7903,23.015102,50
113.790317,23.015084,50
113.790342,23.015052,50
113.790352,23.015032,50
113.790364,23.015014,50
113.790381,23.014988,50
113.790396,23.014966,50
113.790414,23.014936,50
113.790452,23.014893,40
113.79048,23.014869,40
113.790503,23.014853,40
113.790523,23.01484,40
113.790544,23.014821,40
113.790568,23.014807,40
113.790591,23.014795,40
113.790616,23.014769,40
113.79065,23.014745,40
113.790685,23.014723,40
113.790735,23.014698,40
113.790763,23.01469,40
113.790787,23.01468,40
113.790809,23.014673,40
113.790831,23.014664,40
113.790849,23.014652,40
113.790868,23.014641,40
113.790889,23.014629,40
113.790912,23.014621,30
113.790939,23.014614,30
113.790966,23.0146,30
113.790994,23.014596,30
113.791028,23.01459,30
113.791057,23.014583,30
113.791087,23.014577,30
113.791121,23.014573,30
113.79114,23.014562,30
113.791171,23.014552,30
113.79123,23.01455,30
113.791279,23.014539,30
113.791302,23.014535,30
113.791326,23.014525,30
113.791348,23.014519,30
113.791374,23.014509,30
113.791396,23.014499,30
113.791417,23.014491,30
113.79144,23.014479,30
113.791466,23.01447,30
113.791489,23.014464,30
113.791518,23.014452,30
113.791541,23.014438,30
113.791565,23.014429,30
113.79159,23.014417,30
113.791634,23.014402,30
113.791656,23.014395,30
113.791676,23.014389,30
113.791722,23.01438,30
113.791744,23.014372,30
113.791765,23.014363,30
113.791784,23.014353,30
113.791817,23.014345,30
113.791931,23.014308,30
113.79209,23.014294,30
113.792215,23.01427,30
113.792301,23.014223,30
113.792285,23.014127,30
113.79225,23.014014,30
113.792194,23.013937,30
113.792152,23.013855,20
113.792066,23.013799,20
113.791975,23.013749,20
113.791869,23.01373,30
113.791763,23.013735,30
113.791605,23.013686,30
113.791504,23.013653,30
113.791397,23.013633,30
113.79129,23.013605,30
113.791193,23.013557,30
113.791107,23.013505,30
113.791018,23.013436,30
113.790939,23.013377,30
113.790922,23.013366,30
113.790885,23.013337,30
113.790875,23.013317,30
113.790853,23.013283,30
113.790828,23.013232,30
113.79081,23.013205,30
113.790795,23.013188,30
113.790781,23.013171,30
113.790767,23.013154,30
113.790745,23.013116,30
113.790732,23.0131,30
113.790716,23.01308,30
113.790701,23.01306,30
113.79069,23.013042,30
113.790669,23.013021,30
113.790654,23.013008,30
113.79064,23.012994,30
113.79062,23.012965,30
113.790608,23.012942,30
113.790596,23.012926,30
113.790581,23.012893,30
113.790574,23.012874,30
113.790561,23.012853,30
113.790547,23.012839,30
113.790534,23.012824,30
113.790521,23.012802,30
113.790504,23.012768,30
113.790496,23.012747,30
113.790489,23.012725,30
113.790485,23.012703,30
113.790486,23.01266,30
113.790472,23.012643,30
113.790452,23.01261,30
113.790438,23.012595,30
113.790426,23.01258,30
113.790414,23.012565,30
113.790389,23.012536,30
113.790382,23.012519,30
113.790367,23.012496,30
113.790312,23.012386,30
113.790285,23.012282,30
113.790249,23.01212,30
113.790129,23.012136,30
113.790027,23.012108,30
113.789931,23.012083,30
113.789833,23.012053,30
113.789759,23.012034,30
113.789707,23.012024,30
113.789667,23.012034,30
113.789648,23.01204,30
113.789627,23.012045,30
113.789609,23.012054,30
113.789589,23.012064,30
113.789558,23.01208,30
113.789514,23.012102,40
113.78949,23.012112,40
113.789468,23.012127,40
113.789444,23.012141,40
113.789421,23.012157,40
113.789398,23.012172,40
113.789373,23.012182,40
113.789348,23.012199,40
113.78932,23.012216,40
113.789288,23.012237,40
113.789259,23.01225,40
113.789235,23.012261,40
113.789215,23.012268,40
113.789192,23.012274,40
113.789165,23.012284,40
113.789133,23.012285,40
113.789101,23.012288,40
113.789082,23.012294,40
113.789048,23.01231,40
113.789013,23.01232,40
113.788978,23.012332,40
113.788959,23.01234,40
113.788926,23.012351,40
113.788893,23.012362,40
113.788876,23.012372,40
113.788838,23.012388,40
113.788818,23.012392,40
113.788801,23.012402,40
113.788767,23.012411,40
113.788739,23.012437,40
113.788724,23.012451,40
113.788706,23.012467,40
113.788676,23.012491,40
113.788647,23.012506,40
113.788631,23.012516,40
113.788608,23.012518,40
113.788585,23.012531,40
113.788559,23.01253,40
113.788521,23.012531,40
113.788487,23.012526,40
113.788452,23.012527,40
113.788432,23.012529,40
113.788398,23.01253,40
113.788362,23.012532,40
113.788341,23.012529,40
113.788322,23.012528,40
113.788286,23.012522,40
113.788266,23.012519,40
113.788246,23.012517,40
113.788227,23.012514,40
113.788208,23.01251,40
113.788183,23.01251,40
113.788163,23.012507,40
113.788127,23.01251,40
113.788082,23.012511,40
113.788046,23.01251,40
113.788019,23.012507,40
113.787984,23.012503,40
113.787965,23.012508,40
113.787922,23.012508,40
113.7879,23.01251,40
113.787875,23.01251,40
113.787855,23.012514,40
113.787816,23.012519,40
113.787795,23.012519,40
113.787772,23.012525,40
113.787751,23.012529,40
113.787732,23.012529,40
113.7877,23.012534,40
113.787679,23.012533,40
113.787655,23.012534,40
113.787634,23.012538,40
113.787614,23.012539,40
113.787591,23.012538,40
113.787556,23.012527,40
113.787533,23.012524,40
113.787498,23.01251,40
113.787477,23.012506,40
113.787438,23.012495,40
113.787416,23.012493,40
113.787395,23.012488,40
113.787365,23.012488,40
113.787341,23.012482,40
113.787312,23.012476,40
113.787282,23.012472,40
113.78726,23.012466,40
113.787233,23.012461,40
113.787211,23.012455,40
113.787156,23.012442,40
113.787132,23.012436,40
113.787105,23.01243,50
113.786998,23.012421,50
113.786927,23.012402,50
113.786903,23.012392,50
113.786843,23.012375,50
113.78682,23.012366,50
113.786776,23.01235,50
113.786739,23.012358,50
113.786696,23.012355,40
113.78667,23.012354,40
113.786649,23.012346,40
113.786624,23.01234,40
113.786574,23.012329,40
113.786547,23.012322,40
113.786524,23.012318,40
113.7865,23.012309,40
113.786478,23.012304,40
113.786457,23.012297,40
113.786434,23.01229,40
113.786409,23.012273,40
113.786387,23.012256,40
113.786339,23.012236,40
113.786285,23.01222,40
113.786236,23.012201,40
113.786203,23.012193,40
113.786171,23.012184,40
113.786141,23.01218,50
113.786117,23.012172,50
113.786095,23.012172,50
113.786065,23.01217,50
113.785977,23.012157,50
113.78594,23.012152,50
113.785909,23.012141,50
113.785877,23.012129,50
113.785771,23.012095,50
113.785542,23.012011,50
113.785338,23.011983,50
113.785188,23.011956,50
113.784994,23.011856,60
113.784872,23.011812,60
113.784812,23.011738,60
113.784729,23.01168,60
113.784695,23.01158,60
113.784645,23.011472,70
113.784585,23.011381,70
113.78452,23.011289,70
113.784437,23.011209,70
113.784371,23.011108,70
113.784347,23.011014,70
113.78432,23.010927,70
113.784251,23.010855,70
113.784178,23.010771,70
113.784127,23.010686,70
113.784052,23.010573,70
113.78398,23.01042,70
113.783934,23.01031,70
113.783965,23.01022,70
113.783972,23.010127,70
113.783948,23.010023,70
113.783911,23.009872,60
113.783908,23.009773,60
113.783897,23.009663,60
113.783856,23.009581,60
113.783769,23.00949,60
113.783724,23.009409,60
113.783686,23.009304,60
113.783654,23.009201,60
113.783596,23.009126,60
113.78349,23.009065,60
113.783466,23.009049,60
113.78337,23.008987,60
113.78326,23.008909,60
113.783171,23.008854,60
113.78308,23.008797,70
113.782987,23.008709,70
113.782947,23.00861,60
113.782877,23.008484,60
113.782829,23.008397,60
113.782781,23.008288,60
113.782765,23.008154,50
113.782675,23.008063,50
113.782653,23.007938,50
113.782541,23.007846,50
113.782444,23.007762,50
113.782287,23.007711,50
113.782248,23.007627,50
113.78211,23.007545,50
113.782026,23.0076,50
113.78194,23.007536,50
113.781834,23.00757,50
113.781733,23.00757,50
113.781605,23.007548,50
113.781486,23.00751,40
113.781378,23.007477,40
113.781262,23.007414,40
113.781175,23.007349,40
113.78112,23.007291,40
113.78105,23.007207,40
113.780974,23.007133,40
113.780875,23.007067,40
113.780788,23.007046,40
113.78069,23.006997,40
113.780624,23.006974,40
113.780514,23.006953,40
113.780436,23.006916,30
113.780373,23.006879,30
113.780353,23.006864,30
113.780328,23.006858,30
113.780306,23.006853,30
113.780286,23.006849,30
113.780204,23.006872,30
113.780168,23.006878,30
113.780137,23.006891,30
113.78011,23.0069,30
113.780081,23.006912,30
113.780001,23.006954,40
113.779959,23.006975,40
113.779939,23.006983,40
113.779918,23.006996,40
113.779894,23.007013,40
113.779875,23.007022,40
113.779854,23.007035,40
113.77982,23.00705,40
113.7798,23.00706,40
113.779782,23.007068,40
113.779763,23.007086,40
113.779729,23.007104,40
113.77971,23.007119,40
113.779693,23.007132,40
113.779675,23.007144,40
113.779657,23.007153,40
113.779636,23.007164,40
113.779616,23.007171,40
113.779595,23.007179,40
113.779567,23.007189,40
113.779544,23.007193,40
113.779516,23.007203,40
113.779491,23.007213,40
113.779459,23.007217,40
113.779427,23.007225,40
113.779398,23.007231,40
113.779364,23.007238,40
113.779334,23.007238,40
113.779299,23.007236,30
113.779266,23.007234,30
113.779233,23.007231,30
113.779196,23.007232,30
113.779169,23.00723,30
113.779137,23.007229,30
113.779113,23.007225,30
113.779089,23.007222,30
113.779064,23.007221,30
113.779039,23.007215,30
113.779001,23.007217,30
113.778976,23.007214,30
113.778947,23.007212,30
113.778909,23.007208,30
113.778874,23.007205,30
113.77884,23.007204,30
113.778817,23.007194,30
113.778785,23.007188,30
113.778763,23.007179,30
113.778727,23.007173,30
113.778695,23.007168,30
113.778668,23.007164,30
113.778636,23.007163,30
113.778618,23.007151,30
113.778591,23.007153,30
113.778571,23.007154,30
113.778547,23.007155,30
113.778518,23.007156,30
113.778495,23.007151,30
113.778459,23.007146,30
113.778432,23.007143,30
113.778405,23.007138,30
113.778378,23.007139,30
113.778356,23.007134,30
113.778331,23.007128,30
113.778305,23.007125,30
113.778278,23.007122,30
113.778247,23.007118,30
113.778223,23.007114,30
113.778191,23.007116,30
113.778168,23.007111,30
113.778138,23.007111,30
113.778113,23.00711,30
113.778089,23.00711,30
113.778062,23.007112,30
113.778038,23.00711,30
113.778007,23.007112,30
113.777986,23.007112,30
113.777952,23.007112,30
113.777924,23.007108,30
113.777898,23.007105,30
113.777871,23.007108,30
113.77785,23.007105,30
113.777828,23.0071,30
113.777806,23.007094,30
113.777782,23.007092,30
113.777759,23.007092,30
113.777734,23.007093,30
113.777709,23.007098,30
113.777692,23.007114,30
113.777676,23.007127,30
113.777647,23.007147,30
113.77762,23.007172,30
113.777598,23.007198,30
113.777573,23.007231,30
113.777564,23.007247,30
113.777552,23.007265,30
113.777541,23.007284,30
113.777528,23.007302,30
113.7775,23.007327,30
113.777479,23.007352,30
113.777449,23.007381,30
113.777433,23.007396,30
113.777418,23.007413,30
113.777405,23.007434,30
113.777392,23.007452,30
113.777375,23.007476,30
113.777361,23.007489,30
113.777345,23.007508,30
113.777326,23.007522,30
113.77731,23.00754,30
113.777293,23.007554,30
113.777273,23.007577,30
113.777256,23.007589,30
113.777238,23.007603,30
113.77722,23.007618,30
113.777204,23.007636,30
113.777191,23.007652,30
113.777173,23.007669,30
113.777141,23.007694,30
113.777126,23.007708,30
113.777107,23.007721,40
113.777088,23.007738,40
113.777071,23.007752,40
113.777053,23.007771,40
113.777039,23.007785,40
113.777023,23.007805,40
113.777008,23.00782,40
113.776988,23.007838,40
113.776967,23.007843,40
113.776949,23.007855,40
113.776933,23.007866,40
113.776914,23.00788,40
113.776895,23.007894,40
113.776875,23.007907,40
113.776864,23.007931,40
113.776819,23.007974,40
113.776801,23.007987,40
113.776767,23.008004,40
113.77675,23.008016,40
113.776676,23.008084,40
113.776639,23.008106,40
113.776599,23.008129,40
113.776582,23.008137,40
113.776503,23.008186,40
113.776435,23.00825,50
113.776405,23.008284,50
113.776383,23.008319,50
113.77636,23.008351,50
113.776346,23.008372,50
113.776337,23.008395,50
113.776328,23.008416,50
113.776323,23.008439,50
113.776317,23.008478,50
113.776314,23.008497,50
113.776316,23.008517,50
113.776319,23.008541,50
113.776316,23.008575,50
113.776322,23.008601,50
113.776328,23.008633,50
113.776339,23.008704,50
113.776346,23.008741,50
113.776354,23.008762,40
113.776361,23.008807,40
113.776368,23.008841,40
113.776373,23.008871,40
113.776375,23.008892,40
113.776377,23.00892,40
113.776365,23.008965,40
113.776363,23.008991,40
113.776362,23.00901,40
113.776359,23.009031,40
113.77635,23.009056,40
113.776339,23.009074,40
113.776327,23.009097,40
113.776304,23.00912,40
113.776268,23.00912,40
113.776241,23.009134,40
113.776218,23.009139,40
113.776196,23.009145,40
113.776148,23.009156,30
113.776109,23.009158,30
113.776081,23.009158,30
113.776053,23.009158,30
113.776024,23.009166,30
113.775985,23.009163,30
113.775941,23.009172,30
113.775918,23.009184,30
113.775898,23.009191,30
113.775875,23.009196,30
113.775852,23.009205,30
113.775829,23.009212,30
113.775793,23.009232,30
113.775768,23.009239,30
113.775739,23.009251,30
113.775717,23.009263,30
113.775697,23.009275,40
113.775679,23.009302,40
113.775663,23.009319,40
113.775651,23.009342,40
113.77563,23.009368,40
113.775617,23.009388,40
113.775605,23.009404,40
113.775591,23.009428,40
113.77557,23.009448,40
113.775558,23.009466,40
113.775539,23.009502,40
113.775533,23.00952,40
113.775525,23.009538,40
113.775518,23.009563,40
113.77551,23.009583,40
113.775502,23.009602,40
113.775494,23.009621,40
113.775486,23.00964,40
113.77548,23.009664,40
113.775475,23.009683,40
113.77547,23.009707,40
113.775464,23.009728,40
113.775458,23.009748,40
113.775453,23.009778,40
113.775446,23.009801,50
113.775438,23.00982,50
113.775438,23.009845,50
113.775438,23.009866,50
113.775432,23.009913,50
113.775424,23.009947,50
113.775418,23.00997,50
113.775412,23.009996,50
113.775409,23.010015,50
113.775407,23.010041,50
113.775403,23.01008,50
113.7754,23.010099,50
113.775391,23.010137,60
113.775381,23.010174,60
113.775365,23.010209,60
113.77536,23.01023,60
113.775348,23.010267,60
113.775336,23.010295,60
113.775328,23.010316,60
113.775315,23.010342,60
113.775314,23.010374,60
113.775315,23.010414,60
113.775316,23.010434,60
113.775312,23.010456,60
113.775306,23.010474,60
113.775298,23.01051,60
113.775292,23.010545,60
113.77529,23.010564,60
113.775294,23.010589,60
113.7753,23.010628,60
113.775301,23.010665,60
113.775297,23.010702,60
113.775297,23.010736,60
113.7753,23.010754,60
113.775301,23.010783,60
113.775303,23.010815,60
113.775307,23.010854,60
113.775313,23.010892,60
113.775319,23.010924,60
113.775322,23.010957,60
113.775296,23.011292,60
113.775248,23.011399,60
113.775209,23.011509,60
113.775202,23.01162,60
113.775202,23.01164,60
113.775183,23.011759,60
113.775176,23.011851,60
113.775182,23.011946,60
113.775171,23.012051,60
113.775132,23.01214,60
113.775092,23.01223,60
113.775053,23.012319,60
113.775007,23.01242,60
113.774948,23.012506,60
113.774868,23.012577,50
113.774759,23.012648,50
113.77468,23.012704,50
113.774605,23.012764,60
113.774522,23.012862,70
113.774451,23.012951,70
113.774413,23.013056,80
113.774351,23.013136,80
113.774298,23.01322,80
113.774233,23.013315,80
113.774156,23.013383,80
113.774074,23.013455,80
113.773988,23.013513,80
113.773852,23.013428,70
113.77375,23.013409,70
113.773554,23.013413,60
113.773425,23.013413,60
113.7733,23.01342,60
113.773145,23.013442,60
113.773055,23.013495,60
113.772974,23.013556,60
113.772891,23.013642,60
113.7729,23.013752,60
113.772872,23.013879,60
113.772846,23.013983,60
113.772855,23.014097,60
113.772872,23.014267,50
113.772882,23.014323,50
113.772888,23.014445,50
113.772898,23.014545,50
113.772925,23.014653,50
113.772967,23.014741,50
113.773008,23.014833,50
113.773034,23.014853,50
113.77309,23.014884,50
113.773146,23.014894,50
113.773178,23.014894,50
113.773199,23.014894,50
113.77324,23.0149,50
113.773259,23.014904,50
113.773291,23.014914,50
113.77334,23.014923,50
113.773392,23.014938,50
113.773425,23.014945,50
113.77346,23.014955,50
113.773494,23.014967,50
113.773528,23.014979,50
113.77356,23.014985,50
113.773591,23.014998,50
113.77361,23.015009,50
113.773628,23.015018,50
113.773646,23.015025,50
113.773677,23.015033,50
113.773697,23.015035,50
113.773729,23.015041,50
113.773761,23.015047,50
113.773781,23.015048,50
113.773815,23.015055,50
113.773879,23.01507,50
113.773906,23.015076,50
113.773933,23.015084,50
113.773964,23.015094,50
113.773991,23.015105,50
113.774022,23.015114,60
113.774049,23.015121,60
113.774086,23.015136,60
113.77411,23.015142,60
113.774128,23.015154,60
113.774144,23.01517,60
113.774173,23.015206,60
113.774197,23.015229,60
113.774221,23.01524,60
113.774248,23.015262,60
113.774261,23.015275,60
113.774291,23.015295,60
113.774322,23.015318,60
113.774339,23.015329,60
113.774374,23.015346,60
113.774391,23.015357,60
113.774417,23.015361,60
113.774436,23.015366,60
113.774475,23.015372,60
113.774512,23.015374,60
113.774548,23.015378,70
113.774572,23.015377,70
113.774614,23.015376,70
113.774635,23.015375,70
113.774679,23.01537,70
113.774703,23.015372,70
113.774729,23.015369,70
113.77475,23.015368,70
113.77477,23.015366,70
113.774793,23.015364,70
113.774814,23.015364,70
113.774837,23.015366,70
113.774857,23.015371,70
113.774878,23.015369,70
113.774897,23.015366,70
113.774917,23.01537,70
113.774944,23.015374,70
113.774977,23.015372,70
113.774999,23.015371,70
113.775018,23.015377,70
113.775041,23.015376,70
113.775076,23.015383,70
113.775098,23.015387,70
113.775139,23.015391,70
113.775166,23.015395,70
113.775187,23.015398,70
113.775208,23.015396,70
113.775232,23.015393,70
113.775253,23.01539,70
113.775272,23.015383,70
113.77529,23.015376,70
113.775309,23.01537,80
113.775362,23.015354,80
113.775387,23.015349,80
113.775414,23.015339,80
113.775441,23.015329,80
113.775464,23.015323,80
113.775487,23.015322,80
113.775509,23.015318,80
113.775532,23.01532,80
113.775554,23.015318,80
113.775574,23.015316,80
113.775597,23.015311,80
113.775623,23.015296,80
113.775655,23.015301,80
113.775692,23.015318,80
113.77572,23.015318,80
113.775754,23.015321,80
113.775784,23.015328,80
113.775814,23.01534,80
113.775844,23.015345,80
113.775872,23.015346,80
113.775897,23.015352,80
113.775928,23.015354,80
113.775967,23.015367,80
113.775987,23.015375,80
113.77601,23.015385,80
113.776155,23.015529,70
113.77628,23.015656,60
113.776386,23.015708,60
113.77647,23.015757,60
113.776832,23.016084,60
113.777151,23.016162,60
113.777281,23.016223,60
113.777388,23.016322,60
113.77743,23.016435,60
113.777526,23.01646,60
113.777606,23.016544,60
113.777742,23.016611,50
113.77786,23.016604,50
113.777976,23.016621,50
113.77806,23.016708,50
113.778156,23.016792,50
113.778264,23.016834,50
113.778352,23.0169,50
113.778447,23.016949,50
113.778551,23.016952,50
113.778669,23.016948,50
113.778776,23.016925,50
113.778864,23.016883,50
113.778961,23.016827,50
113.779069,23.016778,50
113.779151,23.016722,50
113.779238,23.016664,50
113.779287,23.016707,50
113.779252,23.016791,40
113.779236,23.016817,40
113.779222,23.016836,40
113.779163,23.016918,40
113.779092,23.016994,40
113.779058,23.017025,40
113.778968,23.017072,40
113.778883,23.017131,40
113.778809,23.017186,40
113.778765,23.017227,40
113.778747,23.01724,40
113.77873,23.017251,40
113.77871,23.017262,40
113.778608,23.017311,40
113.778574,23.017332,40
113.778496,23.017397,40
113.778431,23.017436,40
113.778374,23.017469,40
113.7783,23.017531,50
113.778281,23.017564,50
113.778278,23.017585,50
113.778269,23.017654,50
113.778268,23.017674,50
113.778269,23.017705,50
113.778265,23.017728,50
113.778259,23.017746,50
113.778273,23.017792,50
113.778289,23.017814,50
113.778304,23.017846,50
113.778317,23.017886,50
113.778296,23.017992,50
113.778239,23.018119,50
113.778269,23.01822,50
113.778285,23.018311,50
113.778316,23.018421,50
113.778334,23.01851,50
113.778344,23.018618,60
113.778366,23.018716,60
113.778394,23.018816,60
113.778417,23.018924,60
113.778409,23.019013,60
113.778401,23.019187,60
113.778387,23.019276,60
113.778387,23.019296,60
113.778386,23.019317,60
113.778387,23.019342,60
113.778382,23.019366,60
113.778379,23.019391,50
113.778374,23.019412,50
113.778327,23.019538,50
113.778225,23.019546,50
113.778145,23.019606,50
113.77809,23.019702,50
113.777982,23.019842,50
113.77788,23.019879,50
113.777731,23.019966,50
113.777631,23.02002,50
113.777549,23.020087,50
113.777443,23.020206,50
113.777346,23.020254,50
113.777206,23.020321,40
113.777086,23.020328,40
113.776977,23.02033,40
113.776881,23.020354,40
113.776754,23.020449,40
113.77665,23.020436,40
113.776547,23.02041,40
113.776387,23.020456,40
113.776269,23.02048,40
113.776182,23.02053,40
113.776094,23.020598,40
113.776018,23.020716,40
113.775923,23.020825,40
113.775836,23.020898,40
113.775741,23.020953,40
113.775645,23.021,40
113.775551,23.021038,40
113.775429,23.02107,40
113.7753,23.021073,50
113.775158,23.021056,50
113.77505,23.021105,50
113.77494,23.02116,50
113.774839,23.021203,50
113.774712,23.021255,40
113.774616,23.021277,40
113.77449,23.021342,40
113.774383,23.021318,40
113.774286,23.021377,40
113.774164,23.021419,40
113.774046,23.021471,40
113.773931,23.021497,40
113.773827,23.021531,40
113.77374,23.021597,40
113.773644,23.021634,40
113.773522,23.021682,40
113.773401,23.021701,40
113.773288,23.021712,40
113.773167,23.021742,40
113.773079,23.021806,30
113.772985,23.021843,30
113.772889,23.02189,30
113.772772,23.02192,30
113.772664,23.021989,30
113.772552,23.022025,30
113.77244,23.022048,30
113.772348,23.0221,30
113.772272,23.022176,30
113.772195,23.022234,30
113.772104,23.022295,30
113.772021,23.022353,30
113.771965,23.022412,30
113.771885,23.022475,30
113.771793,23.022536,30
113.7717,23.022609,30
113.771684,23.022625,30
113.771587,23.022685,30
113.77147,23.022665,30
113.771374,23.022624,30
113.77128,23.022584,30
113.77119,23.022531,30
113.771079,23.022468,30
113.770987,23.022406,30
113.770893,23.022376,30
113.770869,23.022368,30
113.770755,23.022346,30
113.770536,23.022279,30
113.770452,23.022234,30
113.770308,23.022233,20
113.770047,23.022202,30
113.769928,23.022168,30
113.769823,23.022146,30
113.769708,23.022126,30
113.769596,23.022123,30
113.769491,23.022135,30
113.769374,23.02213,30
113.769276,23.02213,30
113.769175,23.022098,30
113.76906,23.022084,30
113.768964,23.022068,30
113.768856,23.022062,30
113.768741,23.022054,30
113.768644,23.022031,30
113.768538,23.022021,30
113.768421,23.022034,30
113.768316,23.022045,30
113.768207,23.022037,30
113.768091,23.022022,30
113.767969,23.022012,30
113.76785,23.022022,30
113.767747,23.022021,30
113.767632,23.022033,30
113.767525,23.022011,30
113.767429,23.022033,30
113.767308,23.022062,30
113.767202,23.022068,30
113.767084,23.022051,30
113.766964,23.022036,30
113.766844,23.022036,30
113.766679,23.022024,30
113.766584,23.021979,30
113.766498,23.021934,30
113.766388,23.02189,30
113.766276,23.021858,20
113.766162,23.021859,20
113.766048,23.021849,20
113.765939,23.021865,20
113.765821,23.021881,20
113.765728,23.021927,30
113.765618,23.021967,30
113.765508,23.021971,30
113.765394,23.022014,30
113.765288,23.022065,30
113.765277,23.022072,30
113.765228,23.021926,30
113.765168,23.021833,30
113.765144,23.02171,30
113.765152,23.021598,30
113.76518,23.021506,30
113.765216,23.021406,30
113.765296,23.02131,30
113.765258,23.021197,30
113.765242,23.021094,30
113.765234,23.020993,30
113.765188,23.020881,30
113.765132,23.020776,30
113.76508,23.020693,30
113.765044,23.020589,30
113.765,23.02049,30
113.764919,23.020412,30
113.764851,23.020337,20
113.764787,23.02024,20
113.764708,23.020183,20
113.764569,23.020116,20
113.764431,23.02008,20
113.76425,23.02003,20
113.764131,23.020032,20
113.764018,23.019995,20
113.763982,23.019842,20
113.764021,23.019759,20
113.76407,23.019666,20
113.764101,23.019556,20
113.764131,23.01945,20
113.764137,23.019355,20
113.764138,23.019261,20
113.764145,23.019167,20
113.764148,23.019044,20
113.764205,23.018919,20
113.764239,23.01882,20
113.764278,23.018678,20
113.764316,23.018589,20
113.764364,23.01851,20
113.764417,23.018424,30
113.764446,23.018328,30
113.764458,23.018218,30
113.764453,23.018097,30
113.764448,23.018,30
113.76444,23.0179,30
113.764442,23.017796,30
113.764498,23.017714,30
113.764539,23.017613,30
113.764596,23.017538,40
113.764654,23.017449,40
113.764733,23.017392,40
113.764821,23.017324,40
113.764882,23.017239,40
113.764964,23.017165,40
113.765024,23.017091,40
113.765127,23.017018,50
113.765214,23.016952,50
113.765311,23.016892,50
113.7654,23.016824,50
113.765465,23.016735,50
113.765518,23.016654,50
113.76561,23.016595,50
113.765702,23.016522,50
113.765739,23.016393,50
113.765696,23.016299,40
113.765643,23.016193,40
113.765579,23.016092,40
113.765492,23.015959,40
113.765406,23.015911,40
113.765341,23.015818,40
113.765317,23.015706,40
113.765299,23.015616,40
113.765287,23.015519,40
113.765254,23.015411,30
113.765229,23.01532,30
113.765235,23.015218,30
113.765299,23.01515,30
113.765388,23.015097,40
113.765505,23.015059,40
113.765588,23.015011,40
113.765693,23.014957,50
113.765801,23.014934,50
113.765922,23.014916,50
113.766027,23.014881,50
113.76613,23.014836,50
113.766169,23.014748,50
113.766168,23.014655,50
113.766196,23.014559,50
113.766212,23.014452,50
113.766161,23.014348,40
113.766145,23.014247,40
113.766161,23.01415,40
113.766221,23.014076,40
113.766296,23.014017,40
113.766335,23.013927,40
113.766378,23.01383,40
113.766424,23.013741,40
113.766468,23.013634,40
113.766516,23.013546,40
113.766584,23.013476,40
113.766675,23.013424,50
113.766778,23.01343,50
113.766878,23.013423,50
113.766948,23.013416,50
113.766972,23.013409,60
113.766991,23.013394,60
113.767094,23.013312,50
113.767182,23.013267,50
113.767291,23.01327,60
113.767443,23.013208,60
113.767532,23.013166,60
113.767654,23.013063,60
113.767764,23.013033,60
113.76787,23.012982,60
113.768025,23.01295,60
113.768124,23.012939,60
113.768194,23.012874,60
113.76829,23.012814,60
113.768396,23.012781,50
113.768512,23.012779,50
113.768593,23.012832,50
113.76866,23.01293,50
113.768745,23.012998,40
113.768824,23.013054,30
113.768944,23.013079,10
113.769033,23.013125,36
113.769139,23.01312,36
113.769239,23.013119,-10
113.769354,23.013137,-10
113.76946,23.013123,-10
113.769563,23.013119,2
113.769661,23.013078,10
113.769819,23.012931,30
113.769921,23.012982,30
113.770031,23.013027,40
113.770122,23.013081,40
113.770206,23.013155,40
113.770253,23.013238,40
113.770315,23.013317,40
113.770389,23.013406,40
113.770458,23.013472,40
113.770552,23.013503,40
113.770651,23.013507,40
113.770734,23.013577,40
113.770813,23.013636,40
113.770859,23.013723,40
113.770897,23.013808,40
113.771008,23.013846,40
113.771065,23.01394,40
113.771097,23.01406,40
113.771117,23.01419,40
113.771176,23.014309,40
113.771279,23.014432,40
113.771392,23.0145,40
113.771474,23.014555,40
113.77164,23.014569,40
113.77174,23.014601,40
113.771835,23.014635,40
113.77193,23.014677,40
113.772038,23.0148,40
113.772088,23.014886,40
113.77212,23.014981,40
113.772226,23.015011,40
113.77229,23.015082,40
113.772315,23.01522,50
113.772349,23.015315,50
113.77248,23.01532,50
113.772599,23.015261,50
113.772693,23.015213,50
113.772801,23.015166,50
113.772712,23.014875,50
113.772765,23.014995,50
113.772863,23.015089,50
113.772907,23.015191,50
113.773029,23.015165,50
113.773096,23.015086,50
113.773176,23.015017,50
113.773282,23.015015,50
113.773388,23.014984,50
113.773531,23.015053,50
113.773628,23.01513,50
113.773687,23.01521,50
113.77376,23.015274,50
113.773854,23.015333,50
113.773941,23.015382,60
113.774026,23.015429,60
113.774111,23.015477,60
113.7742,23.015533,60
113.774287,23.01559,60
113.774362,23.015654,60
113.774454,23.015701,60
113.774538,23.015762,60
113.774612,23.015836,60
113.774689,23.015885,60
113.774809,23.015909,60
113.774861,23.015907,60
113.774889,23.015907,60
113.77494,23.015913,60
113.774988,23.015925,60
113.775006,23.015937,60
113.775033,23.015941,60
113.775147,23.01595,60
113.775194,23.015959,60
113.775305,23.015979,60
113.775397,23.016005,60
113.775418,23.016011,60
113.77544,23.016015,60
113.775515,23.016029,60
113.775621,23.016018,50
113.775733,23.016019,50
113.775848,23.01602,50
113.775957,23.016069,50
113.776044,23.016122,50
113.776145,23.016179,50
113.776249,23.016219,50
113.776362,23.016239,50
113.776453,23.016276,60
113.776552,23.0163,60
113.776626,23.016363,60
113.776716,23.01641,60
113.776735,23.016425,60
113.776805,23.016466,60
113.776906,23.016498,60
113.776991,23.016542,60
113.777096,23.016587,50
113.777196,23.01663,50
113.777291,23.01671,50
113.777376,23.016785,50
113.777467,23.016842,50
113.777561,23.016884,50
113.777664,23.01693,50
113.777769,23.01697,50
113.777875,23.017027,50
113.777978,23.01708,50
113.778081,23.017115,50
113.778179,23.017096,50
113.778285,23.01707,50
113.778394,23.017026,50
113.778489,23.016984,50
113.778583,23.016923,50
113.778676,23.016847,50
113.77876,23.016801,50
113.778848,23.016752,50
113.778948,23.0167,50
113.779032,23.016653,50
113.779106,23.016587,50
113.779186,23.016505,50
113.779284,23.016435,50
113.779385,23.01641,50
113.779419,23.01641,50
113.779635,23.016405,40
113.779747,23.016393,40
113.780032,23.01634,40
113.780138,23.016357,30
113.780259,23.016337,30
113.780379,23.016367,40
113.780469,23.016407,40
113.780571,23.016454,40
113.780684,23.016503,30
113.780795,23.016534,30
113.780916,23.016515,30
113.781016,23.016506,30
113.781114,23.016519,30
113.781218,23.016512,30
113.781328,23.016484,30
113.781436,23.016436,30
113.781504,23.016371,30
113.781552,23.016285,30
113.781626,23.01613,30
113.781703,23.016037,30
113.78176,23.015941,30
113.781796,23.015826,30
113.781842,23.015727,40
113.781861,23.015638,40
113.781872,23.015543,40
113.781897,23.015439,40
113.781907,23.015383,40
113.781981,23.015281,40
113.782024,23.015193,40
113.782092,23.015084,40
113.782174,23.015032,40
113.782261,23.014991,40
113.782354,23.015026,40
113.782486,23.015106,40
113.782601,23.01514,40
113.782639,23.015233,30
113.782704,23.015347,30
113.782793,23.015415,30
113.782847,23.015501,30
113.782904,23.015583,30
113.782978,23.015653,30
113.783037,23.015728,30
113.783078,23.015822,30
113.78311,23.015934,30
113.783181,23.016012,30
113.783268,23.016068,30
113.78335,23.016136,40
113.78345,23.016182,40
113.783566,23.016189,40
113.783665,23.016163,40
113.783766,23.016122,40
113.783853,23.01608,40
113.783929,23.016022,40
113.784012,23.015968,40
113.784041,23.015961,40
113.784061,23.015954,40
113.78416,23.015957,40
113.784265,23.015957,40
113.784301,23.015958,40
113.784332,23.015954,40
113.784443,23.015935,40
113.784494,23.015932,30
113.784622,23.015928,30
113.784702,23.01594,30
113.784749,23.015976,30
113.784832,23.016035,30
113.78486,23.016054,30
113.784929,23.016097,30
113.785011,23.016158,30
113.785081,23.016206,30
113.785188,23.016279,30
113.785232,23.016304,30
113.785274,23.016311,30
113.785326,23.01632,30
113.785358,23.016317,40
113.785416,23.016315,40
113.785531,23.016313,40
113.785555,23.016312,40
113.78561,23.016297,40
113.785726,23.016268,40
113.785753,23.016267,40
113.785778,23.016264,40
113.78587,23.01625,40
113.785905,23.016244,40
113.786003,23.016238,40
113.786031,23.016238,40
113.786061,23.016237,40
113.786103,23.016238,40
113.786134,23.016238,40
113.786166,23.01624,40
113.78623,23.016261,40
113.786254,23.016281,40
113.786278,23.016299,40
113.786296,23.016316,40
113.786319,23.016338,40
113.786352,23.016365,40
113.786368,23.016382,40
113.786384,23.016396,40
113.786398,23.016414,40
113.786412,23.016433,40
113.786452,23.01649,40
113.786515,23.016564,40
113.786531,23.016584,40
113.78655,23.016605,40
113.786578,23.01663,40
113.78664,23.016669,30
113.786666,23.01668,30
113.786725,23.01671,30
113.786741,23.016724,30
113.786765,23.016742,30
113.786791,23.016758,30
113.786808,23.016773,30
113.786836,23.016787,30
113.786899,23.016817,30
113.786934,23.016829,30
113.787036,23.016843,30
113.787065,23.016841,30
113.787169,23.016841,30
113.78728,23.016847,30
113.78739,23.016843,30
113.787505,23.016838,30
113.787538,23.016835,30
113.787641,23.016815,30
113.787741,23.016775,30
113.787849,23.016739,30
113.787958,23.01669,30
113.787978,23.016676,30
113.788076,23.016628,30
113.788171,23.016583,30
113.788241,23.016506,30
113.788276,23.016416,40
113.788306,23.01632,40
113.788365,23.016151,40
113.788587,23.016044,40
113.788698,23.015972,40
113.788799,23.015838,40
113.788896,23.015807,30
113.789059,23.015823,30
113.789167,23.015882,30
113.789262,23.015914,30
113.78936,23.015916,30
113.789469,23.01593,30
113.78957,23.015934,30
113.78967,23.015941,30
113.789774,23.015947,30
113.78989,23.015923,30
113.789999,23.015896,30
113.790094,23.015861,30
113.790172,23.015805,30
113.790256,23.015743,30
113.790336,23.015677,30
113.790378,23.015589,30
113.790412,23.01549,30
113.790437,23.015399,30
113.790442,23.015301,40
113.790462,23.015205,40
113.790523,23.015127,40
113.79062,23.015071,40
113.790734,23.015037,40
113.790848,23.015013,30
113.790956,23.015004,30
113.791054,23.01499,30
113.791108,23.014976,30
113.791139,23.014976,30
113.791256,23.014977,30
113.791357,23.014971,30
113.791462,23.014945,30
113.791556,23.014905,30
113.79158,23.014901,30
113.791626,23.014874,30
113.791678,23.014836,30
113.791782,23.014794,30
113.792217,23.014631,20
113.792323,23.014592,20
113.792445,23.014561,20
113.792497,23.014455,20
113.792505,23.01435,20
113.792459,23.014264,20
113.792407,23.014185,20
113.792325,23.01407,30
113.792238,23.014008,30
113.79212,23.013911,30
113.792058,23.013826,30
113.791918,23.01378,30
113.791806,23.013748,30
113.791708,23.013728,30
113.791592,23.013709,30
113.791311,23.013657,30
113.79117,23.013629,30
113.791074,23.013567,30
113.79099,23.013505,30
113.790909,23.013435,30
113.790827,23.013345,30
113.790767,23.013262,30
113.790727,23.013166,30
113.790669,23.013074,30
113.79065,23.012969,30
113.79061,23.012888,30
113.790609,23.012869,30
113.7906,23.012848,30
113.790587,23.01283,30
113.790572,23.012812,30
113.790556,23.012796,30
113.790543,23.01278,30
113.790536,23.012762,30
113.790525,23.012741,30
113.79051,23.012723,30
113.790448,23.012621,30
113.790418,23.012529,30
113.790395,23.012396,30
113.790326,23.012288,30
113.790244,23.012139,30
113.790212,23.01204,30
113.790114,23.012037,30
113.789994,23.012047,30
113.78992,23.011985,30
113.789834,23.011935,30
113.789736,23.0119,30
113.789628,23.011882,30
113.789525,23.01187,30
113.789416,23.011872,30
113.789315,23.011891,30
113.789212,23.011912,30
113.789123,23.011971,30
113.789051,23.012036,30
113.788973,23.012105,30
113.788877,23.012162,30
113.788796,23.012224,30
113.788708,23.012275,40
113.788591,23.012313,40
113.788485,23.012342,40
113.788336,23.012421,40
113.788177,23.012457,40
113.788053,23.012432,40
113.78796,23.012465,40
113.78781,23.012518,40
113.787624,23.012505,40
113.787495,23.012519,40
113.787387,23.012512,40
113.787272,23.012491,40
113.78716,23.012492,50
113.786974,23.012436,50
113.786893,23.012495,50
113.786762,23.012496,50
113.786643,23.012496,50
113.78653,23.012438,50
113.786432,23.012407,50
113.786319,23.012406,50
113.786219,23.01243,50
113.786086,23.012411,50
113.785975,23.012418,50
113.78588,23.012392,50
113.785761,23.012381,50
113.785653,23.012344,50
113.785459,23.012299,50
113.785362,23.01226,50
113.78525,23.012272,50
113.785156,23.012209,50
113.785062,23.012128,50
113.784943,23.012103,60
113.784853,23.012069,60
113.78478,23.012001,60
113.784784,23.011877,60
113.784741,23.011794,60
113.784711,23.011707,60
113.784653,23.011615,60
113.784619,23.011525,70
113.784568,23.011441,70
113.784499,23.01135,70
113.784473,23.01126,70
113.784455,23.011145,70
113.784396,23.011032,70
113.784363,23.010934,70
113.784346,23.010843,70
113.78429,23.010764,70
113.784185,23.010659,70
113.784074,23.010499,70
113.784019,23.010376,70
113.783995,23.010283,70
113.783999,23.010157,70
113.783991,23.010053,60
113.784002,23.009957,60
113.784022,23.009865,60
113.783959,23.009784,60
113.783864,23.009749,60
113.783763,23.009696,70
113.783699,23.009624,70
113.783671,23.009491,70
113.783666,23.00937,60
113.783618,23.009246,60
113.783545,23.009142,60
113.783426,23.00908,60
113.783296,23.009014,60
113.783167,23.008934,70
113.783069,23.008885,70
113.782966,23.008789,70
113.782954,23.008611,60
113.78292,23.008523,60
113.782841,23.008414,60
113.782748,23.008346,60
113.78268,23.008258,60
113.782575,23.008181,60
113.782465,23.008037,60
113.782393,23.007951,60
113.78226,23.00791,60
113.782142,23.007872,60
113.781942,23.007823,60
113.781821,23.007796,60
113.781686,23.007771,50
113.781565,23.007732,50
113.781445,23.007741,50
113.781341,23.007691,50
113.781238,23.007664,50
113.781134,23.007592,40
113.781066,23.007466,40
113.780992,23.007397,40
113.780855,23.007305,40
113.780776,23.007237,40
113.780639,23.007213,40
113.780548,23.007182,40
113.780437,23.007138,40
113.780279,23.007101,40
113.780174,23.007077,40
113.779998,23.007076,40
113.779842,23.007157,40
113.779737,23.007177,40
113.779631,23.007212,40
113.779531,23.007239,40
113.779428,23.007281,40
113.779404,23.0073,40
113.779373,23.007308,40
113.779274,23.007317,30
113.779154,23.007363,30
113.77905,23.007376,30
113.778934,23.007423,30
113.778833,23.007409,30
113.778714,23.007415,30
113.778615,23.007406,30
113.778507,23.007398,30
113.778398,23.007389,30
113.778285,23.007386,30
113.778174,23.007377,30
113.778073,23.007406,30
113.777975,23.007388,30
113.777873,23.007379,30
113.777763,23.007365,30
113.777594,23.007382,30
113.777493,23.007401,30
113.777382,23.007419,30
113.777278,23.007423,30
113.777152,23.00746,30
113.777048,23.007506,30
113.776946,23.007575,30
113.776865,23.007653,30
113.776762,23.007742,40
113.776649,23.007798,40
113.776573,23.007859,40
113.776476,23.007972,40
113.776381,23.008002,40
113.776299,23.008053,40
113.776211,23.008137,40
113.776139,23.008207,40
113.776082,23.008281,40
113.775989,23.008344,40
113.775917,23.008412,40
113.775791,23.008485,40
113.775709,23.008561,40
113.775655,23.008712,30
113.775643,23.008808,30
113.775679,23.008899,30
113.775715,23.008986,30
113.775763,23.009099,30
113.775787,23.009199,30
113.775823,23.009293,30
113.775831,23.009397,40
113.775821,23.009487,40
113.775744,23.009557,50
113.775652,23.009595,50
113.775544,23.00963,40
113.775447,23.009664,40
113.775346,23.00969,40
113.775255,23.009731,30
113.775196,23.009834,30
113.77517,23.009922,30
113.775089,23.009985,30
113.77503,23.010063,30
113.775003,23.010154,30
113.774997,23.010255,40
113.774963,23.010374,40
113.774905,23.010461,40
113.774782,23.011241,50
113.774847,23.011342,50
113.774863,23.011438,50
113.77489,23.01153,50
113.774928,23.011618,50
113.774928,23.011724,50
113.77488,23.011832,50
113.774883,23.011935,50
113.774893,23.012079,50
113.774835,23.012217,40
113.774884,23.012296,50
113.774839,23.012377,50
113.774748,23.012417,40
113.774681,23.012495,50
113.774542,23.012588,50
113.77447,23.012681,60
113.774372,23.012726,70
113.774313,23.012799,70
113.774213,23.012877,70
113.774097,23.01291,70
113.774,23.012985,70
113.773903,23.013037,70
113.773836,23.013107,70
113.77372,23.013156,70
113.773649,23.013224,60
113.773541,23.013259,60
113.773441,23.013313,60
113.773345,23.013346,60
113.773252,23.013404,60
113.773162,23.013454,60
113.773039,23.013501,60
113.772941,23.013568,50
113.772851,23.013673,60
113.772746,23.013788,60
113.772763,23.01396,60
113.772771,23.014078,50
113.772773,23.014175,50
113.772787,23.014291,50
113.772813,23.0144,50
113.772847,23.014498,50
113.772887,23.014584,50
113.772929,23.014679,50
113.772949,23.014793,50
113.77295,23.014916,50
113.772791,23.014942,50
113.772696,23.014973,50
113.772594,23.014971,40
113.772481,23.014981,40
113.772398,23.014931,40
113.772332,23.014852,40
113.772292,23.01476,40
113.772227,23.014668,40
113.772179,23.014581,40
113.772093,23.014502,40
113.771994,23.014461,40
113.771895,23.014436,40
113.771791,23.014408,40
113.771686,23.014379,40
113.771601,23.014311,40
113.771543,23.014227,40
113.77147,23.014149,40
113.771398,23.014064,40
113.771307,23.013964,40
113.771225,23.013877,40
113.771147,23.013778,40
113.771099,23.013682,40
113.771079,23.013657,40
113.771054,23.013606,40
113.771036,23.013585,40
113.771023,23.013572,40
113.771012,23.01355,40
113.770913,23.013396,40
113.770816,23.013339,40
113.770737,23.013265,40
113.77066,23.01319,40
113.770575,23.013142,40
113.77049,23.013096,40
113.770415,23.012996,50
113.77033,23.012926,50
113.770255,23.012863,50
113.770206,23.012763,50
113.770111,23.012678,50
113.769933,23.012703,40
113.769873,23.012781,40
113.769768,23.012823,30
113.769644,23.012874,20
113.769548,23.012903,10
113.769397,23.012948,28
113.769317,23.01302,-10
113.769213,23.013004,-10
113.769118,23.012961,8
113.76903,23.012891,10
113.768912,23.012826,20
113.768824,23.012775,30
113.768723,23.012753,40
113.768618,23.012739,50
113.768512,23.012722,50
113.768389,23.012752,50
113.768273,23.012756,50
113.768143,23.012778,60
113.768039,23.012778,60
113.767941,23.012772,50
113.767842,23.012825,50
113.767754,23.012875,50
113.767625,23.012833,50
113.767518,23.012867,50
113.767405,23.01294,50
113.767362,23.013033,50
113.767302,23.013106,50
113.767216,23.013152,50
113.767116,23.013206,50
113.767028,23.013246,50
113.766864,23.013271,50
113.766758,23.01327,50
113.76665,23.013283,40
113.766509,23.013323,40
113.766461,23.013414,40
113.766419,23.013513,40
113.766343,23.013646,40
113.766296,23.013744,40
113.766226,23.013818,40
113.766168,23.013896,40
113.766139,23.014012,40
113.76613,23.014142,40
113.766136,23.014249,40
113.766113,23.014376,40
113.766082,23.014472,50
113.766056,23.01456,50
113.765971,23.014617,50
113.76589,23.014672,50
113.765726,23.01469,40
113.76564,23.014765,40
113.765544,23.0148,40
113.765445,23.014853,30
113.765346,23.014928,30
113.765274,23.015006,30
113.765218,23.015099,30
113.76519,23.01519,30
113.76519,23.015293,30
113.765185,23.0154,30
113.765191,23.015496,30
113.765199,23.015597,30
113.765226,23.015701,30
113.765279,23.015823,30
113.765345,23.015924,40
113.765493,23.01597,40
113.765557,23.016043,40
113.765659,23.016131,40
113.765698,23.016222,40
113.765671,23.016334,40
113.765579,23.016372,40
113.7655,23.016456,40
113.765374,23.016581,40
113.765302,23.01666,40
113.76522,23.016718,40
113.76513,23.016776,40
113.765047,23.016853,40
113.764993,23.016935,40
113.764925,23.017019,40
113.764838,23.017096,40
113.764701,23.017219,40
113.764615,23.017299,40
113.764547,23.017378,30
113.764496,23.017462,30
113.764436,23.017566,30
113.764419,23.017666,30
113.7644,23.017798,30
113.764408,23.017908,30
113.764393,23.018006,30
113.764376,23.018102,30
113.764336,23.018187,30
113.764299,23.018349,20
113.764264,23.018434,20
113.764236,23.018523,20
113.764176,23.018662,20
113.764089,23.018821,20
113.764066,23.018922,20
113.76401,23.019058,20
113.764006,23.019155,20
113.763984,23.019262,20
113.763955,23.019364,20
113.763944,23.019487,20
113.763947,23.01961,20
113.763948,23.019789,20
113.764008,23.01986,20
113.764093,23.019983,20
113.764249,23.020075,20
113.764352,23.020122,20
113.764446,23.020167,20
113.764554,23.020203,20
113.764619,23.020271,20
113.764708,23.020326,20
113.764828,23.020415,30
113.764901,23.020492,30
113.764974,23.020561,30
113.765018,23.02066,30
113.765043,23.020754,30
113.765098,23.020847,30
113.765119,23.020943,30
113.765132,23.021043,30
113.765102,23.021145,30
113.765047,23.021275,30
113.765074,23.021363,30